DeviceTag:,Xsens DOT 5,,,,,,,,,,,,,,,,,
FirmwareVersion:,1.3.0,,,,,,,,,,,,,,,,,
AppVersion:,2020.1.1,,,,,,,,,,,,,,,,,
Measurement Mode:,Inertial Mode - Delta quantities,,,,,,,,,,,,,,,,,
StartTime:,2020-08-20 10:17:14.356 +0200,,,,,,,,,,,,,,,,,
© Xsens Technologies B. V. 2005-2020,,,,,,,,,,,,,,,,,,,
PacketCounter,SampleTimeFine,dQ_W,dQ_X,dQ_Y,dQ_Z,dV[1],dV[2],dV[3]
1, 474768443, 1.0, 1.5303585678339005E-4, -4.9503520131111145E-5, -6.458722054958344E-5, 0.03401327133178711, -0.006632387638092041, 0.16152197122573853
2, 474785110, 1.0, -1.932084560394287E-4, -3.7670135498046875E-5, -6.738677620887756E-5, 0.03392213582992554, -0.005113840103149414, 0.15957540273666382
3, 474801777, 0.9999998211860657, -5.442723631858826E-4, 7.99158588051796E-5, -6.6515058279037476E-6, 0.03323882818222046, -0.0036790966987609863, 0.16208451986312866
4, 474818444, 0.9999999403953552, -2.1693482995033264E-4, 1.1474546045064926E-4, -7.493607699871063E-5, 0.03240621089935303, -0.008770585060119629, 0.1643485426902771
5, 474835111, 0.9999998807907104, 4.1387323290109634E-4, -5.403533577919006E-6, -3.0292756855487823E-4, 0.0336531400680542, -0.009722113609313965, 0.16270172595977783
6, 474851778, 0.9999998211860657, 5.78765757381916E-4, -5.7796016335487366E-5, -2.1896325051784515E-4, 0.03487086296081543, -0.004801511764526367, 0.15913450717926025
7, 474868445, 1.0, -1.189112663269043E-5, 9.128730744123459E-5, -3.398396074771881E-5, 0.03349035978317261, -0.00353926420211792, 0.16042304039001465
8, 474885112, 0.9999998211860657, -5.237814038991928E-4, 1.8983986228704453E-4, -1.2754648923873901E-4, 0.03232598304748535, -0.006627857685089111, 0.16376876831054688
9, 474901779, 0.9999998807907104, -3.927629441022873E-4, 1.8431711941957474E-4, -1.970101147890091E-4, 0.03358793258666992, -0.008459329605102539, 0.16309738159179688
10, 474918446, 1.0, -2.444721758365631E-5, 3.990624099969864E-5, -1.5337206423282623E-4, 0.03435260057449341, -0.008026480674743652, 0.15982812643051147
11, 474935113, 1.0, -2.071075141429901E-5, 4.781503230333328E-5, -1.3732537627220154E-4, 0.03279536962509155, -0.006611824035644531, 0.16089731454849243
12, 474951780, 1.0, -2.4549663066864014E-6, 1.1117663234472275E-4, -1.9150786101818085E-4, 0.033420681953430176, -0.006715595722198486, 0.16284114122390747
13, 474968447, 0.9999999403953552, 1.4168675988912582E-4, 1.226654276251793E-4, -2.1149404346942902E-4, 0.034452974796295166, -0.004727602005004883, 0.1615700125694275
14, 474985114, 1.0, 2.7525238692760468E-5, 5.440693348646164E-5, -4.7223642468452454E-5, 0.035312771797180176, -0.004257798194885254, 0.15995222330093384
15, 475001781, 0.9999999403953552, -2.600476145744324E-4, 5.2493996918201447E-5, 7.883645594120026E-6, 0.033494770526885986, -0.007873058319091797, 0.16287124156951904
16, 475018448, 1.0, -1.6023404896259308E-4, 2.706330269575119E-5, -1.2414157390594482E-4, 0.03334158658981323, -0.009544432163238525, 0.16369467973709106
17, 475035115, 0.9999999403953552, 1.5566963702440262E-4, 1.3118889182806015E-4, -2.4939142167568207E-4, 0.03373229503631592, -0.00846099853515625, 0.16129332780838013
18, 475051782, 0.9999999403953552, 3.337627276778221E-4, 1.4903303235769272E-4, -2.0839646458625793E-4, 0.034258127212524414, -0.006837785243988037, 0.16003882884979248
19, 475068449, 1.0, 3.294181078672409E-5, 9.903404861688614E-5, -9.603984653949738E-5, 0.034739673137664795, -0.004388928413391113, 0.15952008962631226
20, 475085116, 0.9999998211860657, -5.183052271604538E-4, 1.825643703341484E-4, 5.476456135511398E-5, 0.03278183937072754, -0.001689612865447998, 0.1610906720161438
21, 475101783, 0.9999998211860657, -5.540680140256882E-4, 2.6669446378946304E-4, 1.5050824731588364E-4, 0.03318506479263306, -0.006443202495574951, 0.16308611631393433
22, 475118450, 0.9999999403953552, 7.661152631044388E-5, 2.495450899004936E-4, -3.879331052303314E-5, 0.03424382209777832, -0.011762857437133789, 0.16318279504776
23, 475135117, 0.9999998211860657, 6.04323111474514E-4, 8.750241249799728E-5, -1.6012042760849E-4, 0.03447085618972778, -0.00807732343673706, 0.16118848323822021
24, 475151784, 0.9999999403953552, 2.860287204384804E-4, 1.4850590378046036E-4, -3.699958324432373E-5, 0.0337640643119812, -0.0028921961784362793, 0.16095900535583496
25, 475168451, 0.9999999403953552, -1.8659420311450958E-4, 2.659345045685768E-4, 7.043126970529556E-5, 0.03348708152770996, -0.0035061240196228027, 0.16145581007003784
26, 475185118, 0.9999999403953552, -1.7273426055908203E-4, 3.0623842030763626E-4, 3.261212259531021E-5, 0.03359001874923706, -0.009037256240844727, 0.16202569007873535
27, 475201785, 1.0, 7.079634815454483E-5, 1.64165161550045E-4, -6.137415766716003E-5, 0.034069061279296875, -0.008447766304016113, 0.16287225484848022
28, 475218452, 1.0, -5.932897329330444E-5, 7.666926831007004E-5, 5.9013254940509796E-5, 0.033925533294677734, -0.003094494342803955, 0.16082513332366943
29, 475235119, 0.9999998807907104, -4.534721374511719E-4, 1.8667522817850113E-4, 1.5332084149122238E-4, 0.033315300941467285, -0.005015313625335693, 0.16265922784805298
30, 475251786, 0.9999999403953552, -2.1858513355255127E-4, 2.1469872444868088E-4, 5.205068737268448E-5, 0.03323274850845337, -0.010229349136352539, 0.1638299822807312
31, 475268453, 0.9999999403953552, 2.948874607682228E-4, 2.031950280070305E-4, -1.4197081327438354E-4, 0.03338402509689331, -0.009536027908325195, 0.16312050819396973
32, 475285120, 0.9999998807907104, 4.7922972589731216E-4, 4.331674426794052E-5, -2.1725893020629883E-5, 0.03362929821014404, -0.004370987415313721, 0.16191357374191284
33, 475301787, 1.0, -1.6111880540847778E-6, 2.6100315153598785E-5, 1.5910807996988297E-4, 0.03325760364532471, -0.0026136040687561035, 0.16276472806930542
34, 475318454, 0.9999998807907104, -3.598816692829132E-4, 8.665863424539566E-5, 2.2185873240232468E-4, 0.03256946802139282, -0.005854666233062744, 0.16323620080947876
35, 475335121, 1.0, -7.69440084695816E-5, 1.5126075595617294E-4, 6.406288594007492E-5, 0.03312963247299194, -0.009299039840698242, 0.16189879179000854
36, 475351788, 0.9999998807907104, 5.257902666926384E-4, 9.448360651731491E-5, -3.855861723423004E-5, 0.033127665519714355, -0.008446156978607178, 0.16126656532287598
37, 475368455, 0.9999996423721313, 8.126487955451012E-4, 2.032984048128128E-5, 7.66729936003685E-5, 0.033563315868377686, -0.005160510540008545, 0.16198807954788208
38, 475385122, 0.9999998211860657, 5.453703925013542E-4, 2.38930806517601E-5, 1.5572179108858109E-4, 0.0323253870010376, -0.0030382871627807617, 0.16279137134552002
39, 475401789, 0.9999999403953552, 2.4395529180765152E-4, 6.245356053113937E-5, 1.2103002518415451E-4, 0.03250664472579956, -0.005437672138214111, 0.16322177648544312
40, 475418456, 0.9999999403953552, 2.524619922041893E-4, 1.2003909796476364E-4, 5.1322393119335175E-5, 0.03265202045440674, -0.008445441722869873, 0.16205531358718872
41, 475435123, 0.9999999403953552, 3.612944856286049E-4, 8.463207632303238E-5, 5.4298900067806244E-5, 0.03197348117828369, -0.00734025239944458, 0.16160762310028076
42, 475451790, 1.0, 6.152037531137466E-5, 1.174556091427803E-4, 6.729830056428909E-5, 0.03221845626831055, -0.003403604030609131, 0.1625133752822876
43, 475468457, 0.9999999403953552, -1.9709952175617218E-4, 1.3631489127874374E-4, 1.9011739641427994E-4, 0.033221423625946045, -0.00220644474029541, 0.16203033924102783
44, 475485124, 0.9999999403953552, -2.0461343228816986E-4, 1.632263883948326E-4, 1.683766022324562E-4, 0.03305739164352417, -0.0083237886428833, 0.16288089752197266
45, 475501791, 1.0, 1.4651473611593246E-4, 3.150571137666702E-5, 7.465947419404984E-5, 0.032797932624816895, -0.009089946746826172, 0.16356468200683594
46, 475518458, 1.0, -4.291534423828125E-6, 1.112278550863266E-5, 7.654447108507156E-5, 0.03249824047088623, -0.003107130527496338, 0.162664532661438
47, 475535125, 0.9999999403953552, -2.0531006157398224E-4, 2.060364931821823E-5, 2.4002138525247574E-4, 0.03206133842468262, -0.003912925720214844, 0.16188746690750122
48, 475551792, 0.9999999403953552, -2.779122442007065E-4, 5.643349140882492E-5, 1.2915488332509995E-4, 0.03295266628265381, -0.009799063205718994, 0.16309881210327148
49, 475568459, 1.0, -6.664730608463287E-5, 3.498885780572891E-5, -3.510713577270508E-5, 0.03237009048461914, -0.007281601428985596, 0.16327118873596191
50, 475585126, 1.0, -1.2233853340148926E-5, 1.3175420463085175E-5, 3.7332065403461456E-5, 0.03209155797958374, -0.004450023174285889, 0.16156071424484253
51, 475601793, 1.0, -1.9502826035022736E-4, -2.214871346950531E-5, 1.0748300701379776E-4, 0.032698869705200195, -0.005030691623687744, 0.16295713186264038
52, 475618460, 0.9999999403953552, -3.89978289604187E-4, 4.2350031435489655E-5, 1.0194163769483566E-4, 0.032844364643096924, -0.004517018795013428, 0.16414135694503784
53, 475635127, 0.9999999403953552, -2.9199011623859406E-4, 9.50787216424942E-6, 1.109214499592781E-4, 0.032225191593170166, -0.007032454013824463, 0.1636183261871338
54, 475651794, 1.0, -4.462152719497681E-5, -2.70698219537735E-5, 3.2174400985240936E-5, 0.03275561332702637, -0.008891701698303223, 0.1616693139076233
55, 475668461, 1.0, 1.289350911974907E-4, -1.57039612531662E-5, 1.094769686460495E-5, 0.031973838806152344, -0.007718980312347412, 0.16167819499969482
56, 475685128, 1.0, 1.0834354907274246E-4, 3.1682662665843964E-5, -1.298263669013977E-6, 0.03153270483016968, -0.00563126802444458, 0.162278413772583
57, 475701795, 1.0, 1.2412946671247482E-4, 2.258922904729843E-5, 2.6664696633815765E-5, 0.032532572746276855, -0.006205439567565918, 0.16103535890579224
58, 475718462, 1.0, 1.9164476543664932E-4, 5.7456083595752716E-5, -1.4416873455047607E-5, 0.03304493427276611, -0.009034693241119385, 0.16098684072494507
59, 475735129, 1.0, 1.7924513667821884E-4, 8.439552038908005E-5, -1.0123848915100098E-4, 0.03265637159347534, -0.00723421573638916, 0.16251331567764282
60, 475751796, 1.0, -5.97834587097168E-5, 6.926339119672775E-5, 8.597038686275482E-6, 0.033084869384765625, -0.0020123720169067383, 0.16128337383270264
61, 475768463, 0.9999999403953552, -3.046393394470215E-4, 1.1791568249464035E-4, 1.7822440713644028E-4, 0.03362399339675903, -0.00571674108505249, 0.16160166263580322
62, 475785130, 1.0, -9.371154010295868E-5, 8.379947394132614E-5, 1.0158400982618332E-4, 0.03190147876739502, -0.0098114013671875, 0.1636570692062378
63, 475801797, 1.0, 1.919930800795555E-4, 6.477627903223038E-5, -7.40736722946167E-5, 0.03218811750411987, -0.008431851863861084, 0.16217023134231567
64, 475818464, 1.0, 1.4899391680955887E-4, 2.795550972223282E-5, -8.139945566654205E-5, 0.033167898654937744, -0.00457686185836792, 0.16189372539520264
65, 475835131, 1.0, -4.772469401359558E-5, -3.644824028015137E-5, 3.632437437772751E-5, 0.03446853160858154, -0.00460737943649292, 0.16113072633743286
66, 475851798, 1.0, -2.0613335072994232E-4, 3.828760236501694E-5, 7.760617882013321E-5, 0.03266191482543945, -0.007088899612426758, 0.16279345750808716
67, 475868465, 1.0, -1.840386539697647E-4, 1.832563430070877E-5, -4.3626874685287476E-5, 0.032477736473083496, -0.008054077625274658, 0.16292506456375122
68, 475885132, 1.0, -1.1750683188438416E-4, 3.3420510590076447E-5, -2.2370368242263794E-6, 0.032966434955596924, -0.005115032196044922, 0.16163063049316406
69, 475901799, 1.0, 3.033224493265152E-5, 5.84116205573082E-5, 6.44167885184288E-5, 0.03278428316116333, -0.006974220275878906, 0.162040114402771
70, 475918466, 1.0, 1.640254631638527E-4, 4.152487963438034E-5, -3.120303153991699E-5, 0.03210991621017456, -0.00763779878616333, 0.16248518228530884
71, 475935133, 0.9999999403953552, 2.2845622152090073E-4, 3.741402179002762E-5, -9.182281792163849E-5, 0.03259265422821045, -0.006327569484710693, 0.16178184747695923
72, 475951800, 1.0, -6.688758730888367E-6, 6.528105586767197E-5, 2.0786188542842865E-5, 0.03353238105773926, -0.0031183362007141113, 0.1610710620880127
73, 475968467, 0.9999999403953552, -3.1218864023685455E-4, 6.971601396799088E-5, 2.3362133651971817E-4, 0.033145904541015625, -0.0045403242111206055, 0.15998071432113647
74, 475985134, 0.9999998807907104, -3.772955387830734E-4, 1.959213986992836E-4, 1.5680957585573196E-4, 0.031622350215911865, -0.009040892124176025, 0.1625996232032776
75, 476001801, 1.0, -1.2843124568462372E-4, 1.812288537621498E-4, -4.402361810207367E-5, 0.032486915588378906, -0.009358882904052734, 0.16416829824447632
76, 476018468, 0.9999999403953552, 2.962658181786537E-4, 7.210392504930496E-5, -2.7624890208244324E-5, 0.03441733121871948, -0.004970967769622803, 0.16207969188690186
77, 476035135, 1.0, 2.054227516055107E-4, 7.451232522726059E-5, 9.054411202669144E-5, 0.03362911939620972, -0.005160272121429443, 0.16180485486984253
78, 476051802, 1.0, 3.935955464839935E-5, 8.734501898288727E-5, 5.7466328144073486E-5, 0.0321192741394043, -0.005889534950256348, 0.16349124908447266
79, 476068469, 1.0, 2.9043294489383698E-5, 1.1994969099760056E-4, -6.197765469551086E-5, 0.033762216567993164, -0.0077915191650390625, 0.16204619407653809
80, 476085136, 1.0, 6.784964352846146E-5, 1.0769907385110855E-4, -1.1508166790008545E-4, 0.03473943471908569, -0.0053008198738098145, 0.16201025247573853
81, 476101803, 1.0, -8.980929851531982E-5, 3.2016076147556305E-5, 8.750800043344498E-5, 0.034244000911712646, -0.003098011016845703, 0.16165804862976074
82, 476118470, 0.9999999403953552, -2.1087191998958588E-4, 8.123926818370819E-6, 1.915348693728447E-4, 0.03254014253616333, -0.006280064582824707, 0.16187185049057007
83, 476135137, 1.0, -6.031244993209839E-6, 3.171246498823166E-5, 2.272147685289383E-5, 0.03188443183898926, -0.011288583278656006, 0.1623070240020752
84, 476151804, 0.9999998807907104, 3.5084318369627E-4, 8.804630488157272E-5, -2.2500567138195038E-4, 0.03274977207183838, -0.009821772575378418, 0.16259819269180298
85, 476168471, 0.9999999403953552, 3.4526456147432327E-4, -2.4843961000442505E-5, -2.0783394575119019E-4, 0.03405660390853882, -0.003066718578338623, 0.16235703229904175
86, 476185138, 0.9999999403953552, -2.4620816111564636E-4, 1.5121884644031525E-5, 6.630551069974899E-5, 0.033859312534332275, 5.71131706237793E-4, 0.16141104698181152
87, 476201805, 0.9999998211860657, -5.43033704161644E-4, 2.657528966665268E-5, 1.714574173092842E-4, 0.03196310997009277, -0.005815088748931885, 0.1630702018737793
88, 476218472, 1.0, -1.4630332589149475E-4, 5.373265594244003E-5, -5.391053855419159E-5, 0.03239661455154419, -0.011293470859527588, 0.16374123096466064
89, 476235139, 0.9999997615814209, 6.873412057757378E-4, -2.5667250156402588E-5, -2.1142326295375824E-4, 0.03238123655319214, -0.010103046894073486, 0.16342568397521973
90, 476251806, 0.9999995231628418, 9.614983573555946E-4, -5.8904290199279785E-5, -1.3925135135650635E-4, 0.03302425146102905, -0.005019426345825195, 0.16178596019744873
91, 476268473, 0.9999998807907104, 5.133682861924171E-4, -2.4516135454177856E-5, -3.719516098499298E-5, 0.03219419717788696, -0.001679539680480957, 0.1628422737121582
92, 476285140, 1.0, -2.1815113723278046E-4, 2.2363848984241486E-5, 1.0496936738491058E-5, 0.03380352258682251, -0.0033583641052246094, 0.16198331117630005
93, 476301807, 0.9999998211860657, -5.912818014621735E-4, 8.38274136185646E-5, 5.0389207899570465E-5, 0.032760441303253174, -0.005042314529418945, 0.16193366050720215
94, 476318474, 0.9999999403953552, -2.8910674154758453E-4, 8.425209671258926E-5, 1.0265316814184189E-4, 0.032302677631378174, -0.009059488773345947, 0.16060656309127808
95, 476335141, 1.0, -6.575882434844971E-5, 9.541306644678116E-5, -6.49821013212204E-5, 0.03169041872024536, -0.009360074996948242, 0.16231697797775269
96, 476351808, 1.0, 1.36558897793293E-4, 5.4531730711460114E-5, -1.0908767580986023E-4, 0.03182172775268555, -0.006471693515777588, 0.1624428629875183
97, 476368475, 1.0, -4.071742296218872E-6, 1.3831164687871933E-4, -2.4098902940750122E-5, 0.032797813415527344, -0.005694270133972168, 0.16106384992599487
98, 476385142, 0.9999999403953552, -3.1625106930732727E-4, 2.2676121443510056E-4, -1.944601535797119E-5, 0.03242737054824829, -0.0053841471672058105, 0.16125881671905518
99, 476401809, 0.9999998807907104, -4.2823702096939087E-4, 1.9034277647733688E-4, 9.083189070224762E-6, 0.03233015537261963, -0.0065059661865234375, 0.1605159044265747
100, 476418476, 0.9999998807907104, -4.751589149236679E-4, 1.7338339239358902E-4, 3.3847056329250336E-5, 0.032606422901153564, -0.008426129817962646, 0.16081780195236206
101, 476435143, 1.0, -5.3845345973968506E-5, 1.5168357640504837E-4, 5.4142437875270844E-5, 0.032445311546325684, -0.007932186126708984, 0.16184860467910767
102, 476451810, 1.0, 1.7026159912347794E-4, 1.5199091285467148E-4, 4.290696233510971E-5, 0.032450079917907715, -0.007126271724700928, 0.1632254719734192
103, 476468477, 0.9999999403953552, -1.8938817083835602E-4, 1.979311928153038E-4, 1.2011732906103134E-4, 0.032737553119659424, -4.432797431945801E-4, 0.16392898559570312
104, 476485144, 0.9999996423721313, -7.541384547948837E-4, 2.1358672529459E-4, 3.46907414495945E-4, 0.032870590686798096, 0.0022435784339904785, 0.16304606199264526
105, 476501811, 0.999999463558197, -9.012110531330109E-4, 1.3486575335264206E-4, 4.513496533036232E-4, 0.03363615274429321, -0.006277740001678467, 0.16388440132141113
106, 476518478, 0.9999999403953552, -2.5374628603458405E-4, 6.891321390867233E-5, 2.4057086557149887E-4, 0.03357189893722534, -0.010542690753936768, 0.16593044996261597
107, 476535145, 0.9999998807907104, 5.170563235878944E-4, -6.04093074798584E-5, 1.3872887939214706E-4, 0.03300219774246216, -0.0063925981521606445, 0.16335809230804443
108, 476551812, 0.9999997615814209, 6.489222869277E-4, -7.514096796512604E-5, 1.8660817295312881E-4, 0.03223806619644165, -0.004963576793670654, 0.16284900903701782
109, 476568479, 0.9999998211860657, 4.974240437150002E-4, -1.8481723964214325E-4, 1.609930768609047E-4, 0.03390240669250488, -0.006743371486663818, 0.16308176517486572
110, 476585146, 1.0, 6.2587670981884E-5, -1.717749983072281E-4, 1.658545807003975E-4, 0.0341414213180542, -0.005025625228881836, 0.16273021697998047
111, 476601813, 0.9999999403953552, -1.6283243894577026E-4, -1.1747702956199646E-4, 2.485523000359535E-4, 0.03172600269317627, -0.005270242691040039, 0.1620747447013855
112, 476618480, 1.0, 3.124307841062546E-5, -5.210377275943756E-5, 1.382017508149147E-4, 0.03133857250213623, -0.012183785438537598, 0.16290956735610962
113, 476635147, 0.9999998211860657, 5.757967010140419E-4, -1.5971064567565918E-4, -8.665397763252258E-5, 0.03301990032196045, -0.011493504047393799, 0.16255062818527222
114, 476651814, 0.9999997615814209, 7.024304941296577E-4, -1.594163477420807E-4, -1.2629851698875427E-4, 0.03361910581588745, -0.006623685359954834, 0.1610274314880371
115, 476668481, 1.0, 2.244589850306511E-4, -8.970126509666443E-5, 3.113690763711929E-5, 0.031392455101013184, -0.0018714666366577148, 0.16103971004486084
116, 476685148, 1.0, -5.225464701652527E-5, -2.277269959449768E-5, 1.3802479952573776E-4, 0.03148311376571655, -0.004764378070831299, 0.16203242540359497
117, 476701815, 1.0, 1.904936507344246E-4, -8.942745625972748E-5, 9.896699339151382E-5, 0.03345757722854614, -0.008750557899475098, 0.16182804107666016
118, 476718482, 0.9999998807907104, 4.4774729758501053E-4, -1.5283189713954926E-4, 5.976017564535141E-5, 0.03305691480636597, -0.007290184497833252, 0.1618884801864624
119, 476735149, 0.9999999403953552, 3.197314217686653E-4, -1.2499280273914337E-4, 7.918756455183029E-5, 0.03171581029891968, -0.005327463150024414, 0.1631181836128235
120, 476751816, 1.0, -2.357177436351776E-5, 1.2508593499660492E-5, 1.1316593736410141E-4, 0.032196998596191406, -0.002499878406524658, 0.1615380048751831
121, 476768483, 1.0, -1.1156313121318817E-4, 7.248949259519577E-5, 1.581115648150444E-4, 0.032801926136016846, -0.005605757236480713, 0.16153788566589355
122, 476785150, 1.0, 7.212813943624496E-5, -5.9977173805236816E-5, 1.1688191443681717E-4, 0.033238232135772705, -0.006817460060119629, 0.16290634870529175
123, 476801817, 1.0, -1.7881393432617188E-5, -9.430386126041412E-5, 1.1791940778493881E-4, 0.03290998935699463, -0.003970026969909668, 0.1623847484588623
124, 476818484, 0.9999999403953552, -2.2991560399532318E-4, 1.1594034731388092E-5, 1.4189351350069046E-4, 0.03196078538894653, -0.0027390122413635254, 0.1619768738746643
125, 476835151, 0.9999999403953552, -1.96799635887146E-4, 8.551869541406631E-5, 1.8734578043222427E-4, 0.03304028511047363, -0.004889309406280518, 0.16102230548858643
126, 476851818, 0.9999999403953552, 1.8617603927850723E-4, 3.6842189729213715E-5, 1.653311774134636E-4, 0.033810436725616455, -0.007648110389709473, 0.16099393367767334
127, 476868485, 0.9999999403953552, 2.758791670203209E-4, -2.0666047930717468E-5, 5.4416246712207794E-5, 0.03329986333847046, -0.007283568382263184, 0.16292184591293335
128, 476885152, 1.0, 3.731530159711838E-5, 1.4175660908222198E-5, 8.463766425848007E-5, 0.03339940309524536, -0.0028715133666992188, 0.16231393814086914
129, 476901819, 0.9999999403953552, -1.8021464347839355E-4, 1.3293419033288956E-4, 1.2968014925718307E-4, 0.03357517719268799, -0.003909111022949219, 0.1612788438796997
130, 476918486, 1.0, 4.609953612089157E-5, 1.3610254973173141E-4, 1.1615362018346786E-4, 0.033395469188690186, -0.007468760013580322, 0.15950292348861694
131, 476935153, 0.9999999403953552, 2.9878783971071243E-4, 8.27861949801445E-5, 6.687548011541367E-5, 0.03371042013168335, -0.008948564529418945, 0.16037559509277344
132, 476951820, 1.0, 1.0845158249139786E-4, 1.373598352074623E-4, -1.1231750249862671E-5, 0.03382962942123413, -0.005384624004364014, 0.16228443384170532
133, 476968487, 0.9999999403953552, -1.3194791972637177E-4, 2.317102625966072E-4, 1.0904017835855484E-4, 0.033885836601257324, -0.0018383264541625977, 0.16168159246444702
134, 476985154, 0.9999999403953552, -2.7833878993988037E-4, 2.4864356964826584E-4, 1.3313908129930496E-4, 0.03384041786193848, -0.006265401840209961, 0.1610901951789856
135, 477001821, 0.9999999403953552, -2.2494979202747345E-4, 2.3572798818349838E-4, 1.2052711099386215E-4, 0.03372901678085327, -0.008549988269805908, 0.1616552472114563
136, 477018488, 0.9999999403953552, -1.844055950641632E-4, 2.380693331360817E-4, 9.510014206171036E-5, 0.033278465270996094, -0.0058931708335876465, 0.16363245248794556
137, 477035155, 0.9999999403953552, -4.410743713378906E-5, 2.1046865731477737E-4, 1.9197817891836166E-4, 0.03248482942581177, -0.0010529160499572754, 0.16162163019180298
138, 477051822, 0.9999999403953552, -8.330866694450378E-5, 3.0385609716176987E-4, 2.1855812519788742E-4, 0.033373475074768066, -0.0069768428802490234, 0.15991097688674927
139, 477068489, 0.9999999403953552, -3.7671998143196106E-5, 3.0171219259500504E-4, 4.043150693178177E-5, 0.03373926877975464, -0.009769022464752197, 0.16215252876281738
140, 477085156, 0.9999999403953552, 2.0238105207681656E-4, 2.8822850435972214E-4, -1.039355993270874E-6, 0.03409606218338013, -0.004564940929412842, 0.1631627082824707
141, 477101823, 0.9999999403953552, 3.326777368783951E-5, 2.8207432478666306E-4, 1.7845537513494492E-4, 0.032488465309143066, -0.0013030767440795898, 0.16195106506347656
142, 477118490, 0.9999998807907104, -1.0036490857601166E-4, 3.590816631913185E-4, 2.1636206656694412E-4, 0.03268665075302124, -0.007161557674407959, 0.16074132919311523
143, 477135157, 0.9999999403953552, 1.395801082253456E-4, 3.4306664019823074E-4, 5.978252738714218E-5, 0.03246009349822998, -0.010022640228271484, 0.16178905963897705
144, 477151824, 0.9999998807907104, 3.708330914378166E-4, 3.1242799013853073E-4, 1.4095567166805267E-5, 0.033082425594329834, -0.005509436130523682, 0.160114586353302
145, 477168491, 0.9999998807907104, 1.9107479602098465E-4, 3.720959648489952E-4, 2.535702660679817E-4, 0.03319251537322998, -0.0017339587211608887, 0.15957212448120117
146, 477185158, 0.9999998211860657, -1.4464184641838074E-4, 5.045505240559578E-4, 3.400305286049843E-4, 0.030598700046539307, -0.005559861660003662, 0.1613548994064331
147, 477201825, 0.9999998211860657, -1.5151500701904297E-4, 5.827927961945534E-4, 1.5754718333482742E-4, 0.030793309211730957, -0.01061403751373291, 0.16207408905029297
148, 477218492, 0.9999998211860657, 8.128117769956589E-5, 5.945516750216484E-4, 2.4422071874141693E-5, 0.032537758350372314, -0.00794440507888794, 0.1607263684272766
149, 477235159, 0.9999997615814209, -3.739260137081146E-5, 6.507663056254387E-4, 1.3395678251981735E-4, 0.03229987621307373, -0.002125978469848633, 0.15853822231292725
150, 477251826, 0.9999995231628418, -4.2960047721862793E-4, 8.003665134310722E-4, 2.9710959643125534E-4, 0.03057485818862915, -0.0023780465126037598, 0.15808731317520142
151, 477268493, 0.9999993443489075, -6.277058273553848E-4, 9.440844878554344E-4, 2.764938399195671E-4, 0.030643761157989502, -0.008080720901489258, 0.1590690016746521
152, 477285160, 0.9999994039535522, -3.1121447682380676E-4, 0.0010074926540255547, 1.926245167851448E-4, 0.03095167875289917, -0.00789719820022583, 0.15896248817443848
153, 477301827, 0.9999993443489075, 4.682224243879318E-5, 0.0011393455788493156, 2.2479984909296036E-4, 0.030742943286895752, -0.006618618965148926, 0.15764057636260986
154, 477318494, 0.9999991059303284, -2.6868656277656555E-5, 0.001320994459092617, 2.2641662508249283E-4, 0.029706895351409912, -0.005528450012207031, 0.1584458351135254
155, 477335161, 0.9999988675117493, -7.175840437412262E-5, 0.0014743683859705925, 2.747653052210808E-4, 0.030003249645233154, -0.0038546323776245117, 0.1584036946296692
156, 477351828, 0.9999985694885254, -1.0843761265277863E-4, 0.0016371002420783043, 4.2208749800920486E-4, 0.029828429222106934, -0.004408419132232666, 0.1568167805671692
157, 477368495, 0.9999983310699463, -1.1178851127624512E-4, 0.0017828689888119698, 4.338091239333153E-4, 0.02938687801361084, -0.00811767578125, 0.15745168924331665
158, 477385162, 0.9999979734420776, -7.266923785209656E-5, 0.001989074982702732, 3.447597846388817E-4, 0.028601527214050293, -0.0077432990074157715, 0.1589277982711792
159, 477401829, 0.999997615814209, -9.916722774505615E-6, 0.0021503856405615807, 3.573792055249214E-4, 0.02835547924041748, -0.004399657249450684, 0.1564631462097168
160, 477418496, 0.9999971389770508, -2.7692876756191254E-4, 0.0023044822737574577, 5.452847108244896E-4, 0.028532207012176514, -0.00461423397064209, 0.1563141942024231
161, 477435163, 0.9999967217445374, -4.0271878242492676E-4, 0.0024448828771710396, 6.438633427023888E-4, 0.027539312839508057, -0.006172120571136475, 0.15878826379776
162, 477451830, 0.9999963641166687, -3.86727973818779E-4, 0.002611660398542881, 5.818912759423256E-4, 0.024961352348327637, -0.005191683769226074, 0.16000503301620483
163, 477468497, 0.9999960064888, -3.610718995332718E-4, 0.0027482090517878532, 5.795629695057869E-4, 0.024487435817718506, -0.003802061080932617, 0.15989339351654053
164, 477485164, 0.9999957084655762, -3.0356645584106445E-4, 0.002816394902765751, 7.373327389359474E-4, 0.026365935802459717, -0.005915164947509766, 0.1583053469657898
165, 477501831, 0.9999954104423523, -5.104951560497284E-4, 0.002893309108912945, 7.319683209061623E-4, 0.025406718254089355, -0.008319199085235596, 0.16046559810638428
166, 477518498, 0.9999949932098389, -5.186870694160461E-4, 0.0030503394082188606, 6.763627752661705E-4, 0.02169090509414673, -0.005941152572631836, 0.16333866119384766
167, 477535165, 0.9999947547912598, -1.4019012451171875E-4, 0.0031543606892228127, 6.914613768458366E-4, 0.02030402421951294, -0.006917119026184082, 0.1605207920074463
168, 477551832, 0.9999945163726807, -1.5384703874588013E-4, 0.003245810978114605, 6.751203909516335E-4, 0.02047187089920044, -0.00733417272567749, 0.1607571840286255
169, 477568499, 0.9999946355819702, -1.5957467257976532E-4, 0.0031824754551053047, 7.521500810980797E-4, 0.020082950592041016, -0.0073906779289245605, 0.16235685348510742
170, 477585166, 0.9999943971633911, -1.5834905207157135E-4, 0.0032588643953204155, 7.122298702597618E-4, 0.019252657890319824, -0.007242739200592041, 0.16172385215759277
171, 477601833, 0.9999935626983643, -8.977577090263367E-5, 0.003483275882899761, 8.49737785756588E-4, 0.016448616981506348, -0.005499064922332764, 0.15907913446426392
172, 477618500, 0.9999926686286926, -8.244812488555908E-5, 0.003711649216711521, 9.093219414353371E-4, 0.012448906898498535, -0.008727848529815674, 0.1599825620651245
173, 477635167, 0.9999929666519165, -1.390744000673294E-4, 0.0036410512402653694, 9.0006273239851E-4, 0.012953400611877441, -0.009064555168151855, 0.1592138409614563
174, 477651834, 0.999992311000824, -6.010308861732483E-4, 0.003764747641980648, 9.217457845807076E-4, 0.012829840183258057, -0.006384730339050293, 0.15925675630569458
175, 477668501, 0.9999913573265076, -0.0010918229818344116, 0.0038791587576270103, 0.0010335585102438927, 0.011246442794799805, -0.0038683414459228516, 0.16029250621795654
176, 477685168, 0.9999898672103882, -0.0011976659297943115, 0.004149646498262882, 0.0012563643977046013, 0.01177889108657837, -0.007214665412902832, 0.1618615984916687
177, 477701835, 0.9999902844429016, -6.321966648101807E-4, 0.004133335314691067, 0.0013757525011897087, 0.011282742023468018, -0.009490728378295898, 0.1656312346458435
178, 477718502, 0.9999908804893494, 1.5922822058200836E-5, 0.004010812379419804, 0.0014618681743741035, 0.00905156135559082, -0.009284913539886475, 0.16417187452316284
179, 477735169, 0.9999914765357971, 5.7629309594631195E-5, 0.003933780826628208, 0.0012450804933905602, 0.006249904632568359, -0.008852124214172363, 0.16443073749542236
180, 477751836, 0.9999911785125732, -1.8238462507724762E-4, 0.004026857204735279, 0.0011920137330889702, 0.006027579307556152, -0.00848400592803955, 0.1661059856414795
181, 477768503, 0.9999905228614807, -2.0990148186683655E-4, 0.004192871041595936, 0.0011788895353674889, 0.004386603832244873, -0.008500933647155762, 0.16812163591384888
182, 477785170, 0.9999909400939941, -5.569867789745331E-5, 0.004075550474226475, 0.0012046238407492638, 0.0019586682319641113, -0.006238877773284912, 0.16662228107452393
183, 477801837, 0.9999912977218628, -2.986006438732147E-4, 0.003954640589654446, 0.0012779096141457558, 6.453990936279297E-4, -0.006659746170043945, 0.16565841436386108
184, 477818504, 0.9999917149543762, -4.545748233795166E-4, 0.003836235962808132, 0.0012767994776368141, -9.687542915344238E-4, -0.009340763092041016, 0.1678791046142578
185, 477835171, 0.9999920129776001, -2.0592473447322845E-4, 0.00381679181009531, 0.001189189963042736, -0.0026704072952270508, -0.00974118709564209, 0.16833829879760742
186, 477851838, 0.999992311000824, -7.640570402145386E-5, 0.003773997537791729, 0.0010853325948119164, -0.0033135414123535156, -0.010115861892700195, 0.16825932264328003
187, 477868505, 0.9999924302101135, -3.3022090792655945E-4, 0.0037185335531830788, 0.0011205719783902168, -0.004704415798187256, -0.0055387020111083984, 0.1660778522491455
188, 477885172, 0.9999920725822449, -6.769336760044098E-4, 0.003698810003697872, 0.0012885676696896553, -0.006872355937957764, -0.00972360372543335, 0.16698068380355835
189, 477901839, 0.9999927282333374, -3.414321690797806E-4, 0.0036056851968169212, 0.0011986801400780678, -0.008287310600280762, -0.013956546783447266, 0.16877639293670654
190, 477918506, 0.9999930262565613, 1.1105742305517197E-4, 0.003539099358022213, 0.001173769123852253, -0.008822858333587646, -0.009095072746276855, 0.16570621728897095
191, 477935173, 0.9999924302101135, -2.02840194106102E-4, 0.0036873873323202133, 0.0012336242944002151, -0.011243164539337158, -0.0033286213874816895, 0.16323965787887573
192, 477951840, 0.9999918937683105, -0.0010023284703493118, 0.0036829160526394844, 0.0012710588052868843, -0.012034952640533447, -0.006350457668304443, 0.1647537350654602
193, 477968507, 0.9999920129776001, -0.0012359488755464554, 0.0035987338051199913, 0.001213722862303257, -0.010657787322998047, -0.01430213451385498, 0.16847634315490723
194, 477985174, 0.9999929070472717, -7.068216800689697E-4, 0.003522436134517193, 0.0011560572311282158, -0.010579347610473633, -0.011558949947357178, 0.16618186235427856
195, 478001841, 0.9999924898147583, -6.417166441679001E-4, 0.003590247593820095, 0.0012949174270033836, -0.01392662525177002, -0.006660282611846924, 0.1627684235572815
196, 478018508, 0.999991774559021, -7.546562701463699E-4, 0.003694073297083378, 0.0014837412163615227, -0.01716858148574829, -0.00941091775894165, 0.16449010372161865
197, 478035175, 0.9999924898147583, -4.2918696999549866E-4, 0.0036399709060788155, 0.0012786267325282097, -0.017091214656829834, -0.014730393886566162, 0.16701358556747437
198, 478051842, 0.9999931454658508, -7.930770516395569E-5, 0.0035421354696154594, 0.0010876255109906197, -0.016558825969696045, -0.013695299625396729, 0.16652292013168335
199, 478068509, 0.9999932050704956, -2.2334232926368713E-4, 0.003460426814854145, 0.0012680822983384132, -0.017163991928100586, -0.008059442043304443, 0.16208332777023315
200, 478085176, 0.9999920725822449, -7.432848215103149E-4, 0.0036593033000826836, 0.0013931123539805412, -0.021030306816101074, -0.010110080242156982, 0.16195625066757202
201, 478101843, 0.9999922513961792, -9.004566818475723E-4, 0.0036541474983096123, 0.001172487623989582, -0.023600220680236816, -0.01402825117111206, 0.16471701860427856
202, 478118510, 0.9999930262565613, -4.5779161155223846E-4, 0.0035715987905859947, 9.882906451821327E-4, -0.021679580211639404, -0.01505422592163086, 0.1636839509010315
203, 478135177, 0.999993085861206, -4.2643584311008453E-4, 0.003557066433131695, 9.943218901753426E-4, -0.020875394344329834, -0.01010674238204956, 0.1618174910545349
204, 478151844, 0.9999916553497314, -9.93151217699051E-4, 0.003783625550568104, 0.0011918386444449425, -0.025455951690673828, -0.004893362522125244, 0.1601908802986145
205, 478168511, 0.9999904632568359, -0.0013778768479824066, 0.003952390514314175, 0.001230279915034771, -0.02982473373413086, -0.010035812854766846, 0.16090261936187744
206, 478185178, 0.9999911785125732, -8.468851447105408E-4, 0.003970569930970669, 0.0010637743398547173, -0.027925312519073486, -0.01999419927597046, 0.15999537706375122
207, 478201845, 0.9999920129776001, 2.534380182623863E-4, 0.003919429145753384, 7.488494738936424E-4, -0.027124524116516113, -0.022622287273406982, 0.16130387783050537
208, 478218512, 0.9999914169311523, 9.450977668166161E-4, 0.003989777527749538, 5.7255569845438E-4, -0.028306543827056885, -0.01504373550415039, 0.1605629324913025
209, 478235179, 0.9999904036521912, 0.001022971235215664, 0.004222015850245953, 5.890792235732079E-4, -0.03178209066390991, -0.008310675621032715, 0.15927255153656006
210, 478251846, 0.9999896287918091, 6.573544815182686E-4, 0.004449834115803242, 7.508741691708565E-4, -0.03328627347946167, -0.0082741379737854, 0.15862661600112915
211, 478268513, 0.9999902248382568, 1.1099781841039658E-4, 0.0043665384873747826, 6.89738430082798E-4, -0.0328216552734375, -0.011911511421203613, 0.16138982772827148
212, 478285180, 0.9999908804893494, -4.803463816642761E-4, 0.0041794730350375175, 7.058745250105858E-4, -0.02958136796951294, -0.007624030113220215, 0.15961593389511108
213, 478301847, 0.9999889135360718, -0.0015772506594657898, 0.004354792647063732, 8.2381721585989E-4, -0.033914923667907715, -0.005362868309020996, 0.15865212678909302
214, 478318514, 0.9999880790710449, -0.0019183866679668427, 0.004364621825516224, 0.0010328618809580803, -0.03844773769378662, -0.011219918727874756, 0.1593196988105774
215, 478335181, 0.9999892115592957, -0.0013943463563919067, 0.004354317672550678, 8.225301280617714E-4, -0.038580477237701416, -0.02152961492538452, 0.1615096926689148
216, 478351848, 0.9999908804893494, -6.456878036260605E-4, 0.004166104830801487, 6.453515961766243E-4, -0.03920167684555054, -0.01670360565185547, 0.16430038213729858
217, 478368515, 0.9999912977218628, -5.025099962949753E-4, 0.004061254672706127, 7.774746045470238E-4, -0.04063737392425537, -0.008946895599365234, 0.1626158356666565
218, 478385182, 0.9999908208847046, -0.0011991970241069794, 0.004022969864308834, 8.856998756527901E-4, -0.044190287590026855, -0.006170988082885742, 0.15982067584991455
219, 478401849, 0.999989926815033, -0.0016329102218151093, 0.0040803709998726845, 9.239083155989647E-4, -0.046514034271240234, -0.01398378610610962, 0.158422589302063
220, 478418516, 0.9999903440475464, -0.0014407392591238022, 0.004094306379556656, 6.587393581867218E-4, -0.048175036907196045, -0.018258213996887207, 0.15826916694641113
221, 478435183, 0.9999908804893494, -9.26479697227478E-4, 0.004125254228711128, 6.255805492401123E-4, -0.04917013645172119, -0.0154762864112854, 0.16037708520889282
222, 478451850, 0.9999911785125732, -6.199702620506287E-4, 0.004086599685251713, 7.53345899283886E-4, -0.04983663558959961, -0.01060628890991211, 0.15840590000152588
223, 478468517, 0.9999909400939941, -5.717240273952484E-4, 0.004134488292038441, 8.176686242222786E-4, -0.05181741714477539, -0.01238328218460083, 0.15723419189453125
224, 478485184, 0.9999909996986389, -3.0647963285446167E-4, 0.004179942421615124, 6.47873617708683E-4, -0.05176907777786255, -0.017445862293243408, 0.15700048208236694
225, 478501851, 0.9999912977218628, 1.3938825577497482E-4, 0.004149342887103558, 3.8916897028684616E-4, -0.05113273859024048, -0.01771247386932373, 0.15690499544143677
226, 478518518, 0.9999918937683105, 7.775891572237015E-5, 0.004006902687251568, 4.4337566941976547E-4, -0.051311194896698, -0.011891782283782959, 0.15493690967559814
227, 478535185, 0.999991238117218, -9.389501065015793E-4, 0.004010261036455631, 7.316125556826591E-4, -0.052771687507629395, -0.008926331996917725, 0.152765691280365
228, 478551852, 0.9999885559082031, -0.0021680835634469986, 0.004163659177720547, 8.949385955929756E-4, -0.055768370628356934, -0.013310074806213379, 0.15513640642166138
229, 478568519, 0.9999884366989136, -0.0022572074085474014, 0.004170362837612629, 8.287588134407997E-4, -0.057019710540771484, -0.015491724014282227, 0.15687280893325806
230, 478585186, 0.9999901652336121, -0.0013656709343194962, 0.004122019745409489, 9.299097582697868E-4, -0.058609068393707275, -0.018310844898223877, 0.15564656257629395
231, 478601853, 0.9999918341636658, -2.0135939121246338E-4, 0.003928222693502903, 9.14120115339756E-4, -0.06005740165710449, -0.02030181884765625, 0.15533924102783203
232, 478618520, 0.9999920129776001, 4.7021638602018356E-4, 0.003881082870066166, 8.216490969061852E-4, -0.062327027320861816, -0.017273128032684326, 0.15475815534591675
233, 478635187, 0.9999921917915344, 7.580304518342018E-4, 0.0038141226395964622, 7.102610543370247E-4, -0.06498515605926514, -0.01373511552810669, 0.1539728045463562
234, 478651854, 0.9999918937683105, 8.847666904330254E-4, 0.0038503753021359444, 7.84275121986866E-4, -0.06508445739746094, -0.013897836208343506, 0.1524859070777893
235, 478668521, 0.9999924302101135, 7.299361750483513E-4, 0.0037082554772496223, 9.203692898154259E-4, -0.0631636381149292, -0.01468747854232788, 0.15414142608642578
236, 478685188, 0.9999927282333374, 6.977003067731857E-5, 0.0037261219695210457, 8.372599259018898E-4, -0.06496971845626831, -0.010625839233398438, 0.15258145332336426
237, 478701855, 0.9999914765357971, -0.0012849979102611542, 0.0038491031154990196, 7.952610030770302E-4, -0.06931477785110474, -0.004521191120147705, 0.1514301300048828
238, 478718522, 0.9999895095825195, -0.002206183969974518, 0.0038613881915807724, 0.0011116880923509598, -0.069743812084198, -0.008199751377105713, 0.15157055854797363
239, 478735189, 0.9999897480010986, -0.002195766195654869, 0.0037813251838088036, 0.0011971471831202507, -0.0686882734298706, -0.018069922924041748, 0.15384864807128906
240, 478751856, 0.9999915957450867, -0.0016919057816267014, 0.003619532100856304, 9.274473413825035E-4, -0.06940025091171265, -0.02074599266052246, 0.15352380275726318
241, 478768523, 0.9999926686286926, -0.0013740714639425278, 0.003494751639664173, 7.574604824185371E-4, -0.07225781679153442, -0.017878413200378418, 0.15254372358322144
242, 478785190, 0.9999935626983643, -7.316283881664276E-4, 0.0034112147986888885, 8.289013057947159E-4, -0.0736895203590393, -0.016527950763702393, 0.14861947298049927
243, 478801857, 0.9999942183494568, -3.1824875622987747E-4, 0.003273269161581993, 8.781347423791885E-4, -0.07305765151977539, -0.018071413040161133, 0.14733189344406128
244, 478818524, 0.9999945163726807, -5.926452577114105E-4, 0.003138410858809948, 8.772155269980431E-4, -0.07419657707214355, -0.015328288078308105, 0.1480271816253662
245, 478835191, 0.999994158744812, -0.0010606683790683746, 0.0030919192358851433, 0.0010058535262942314, -0.07641124725341797, -0.012715756893157959, 0.1475561261177063
246, 478851858, 0.9999938011169434, -0.0011512227356433868, 0.0030992673709988594, 0.001193310134112835, -0.07729101181030273, -0.01592499017715454, 0.14580154418945312
247, 478868525, 0.999994158744812, -8.715521544218063E-4, 0.0030827028676867485, 0.0011753728613257408, -0.07759559154510498, -0.021011769771575928, 0.14491921663284302
248, 478885192, 0.9999947547912598, -5.451124161481857E-4, 0.003006390295922756, 0.0010873591527342796, -0.0785294771194458, -0.01770651340484619, 0.14599394798278809
249, 478901859, 0.9999945759773254, -4.112161695957184E-4, 0.0029538804665207863, 0.001389174722135067, -0.07893341779708862, -0.010856449604034424, 0.1448422074317932
250, 478918526, 0.9999939799308777, -4.220949485898018E-4, 0.0030020494014024734, 0.0016993116587400436, -0.080078125, -0.013628125190734863, 0.14197033643722534
251, 478935193, 0.9999938607215881, -5.625374615192413E-4, 0.0031229788437485695, 0.0014848047867417336, -0.08142322301864624, -0.015379250049591064, 0.14127272367477417
252, 478951860, 0.9999934434890747, -7.201004773378372E-4, 0.0032099513337016106, 0.001513422466814518, -0.08362722396850586, -0.01341313123703003, 0.1417677402496338
253, 478968527, 0.9999935626983643, -4.3000467121601105E-4, 0.003171638585627079, 0.001614508219063282, -0.08322662115097046, -0.015687644481658936, 0.14203649759292603
254, 478985194, 0.9999937415122986, -5.97100704908371E-4, 0.003102625720202923, 0.001580902375280857, -0.08080601692199707, -0.016900718212127686, 0.14154160022735596
255, 479001861, 0.9999938011169434, -7.652714848518372E-4, 0.003046993166208267, 0.0015715975314378738, -0.08215987682342529, -0.015538811683654785, 0.140855073928833
256, 479018528, 0.9999939799308777, -5.990657955408096E-4, 0.003096296451985836, 0.0014300188049674034, -0.08457684516906738, -0.018063068389892578, 0.1394626498222351
257, 479035195, 0.9999940395355225, -5.052462220191956E-4, 0.003182034008204937, 0.0012418059632182121, -0.0864107608795166, -0.017663955688476562, 0.13869404792785645
258, 479051862, 0.9999938011169434, -5.597695708274841E-4, 0.003208490088582039, 0.0013190209865570068, -0.0874980092048645, -0.012075364589691162, 0.14125794172286987
259, 479068529, 0.9999935626983643, -3.3745355904102325E-4, 0.0031451983377337456, 0.0016813362017273903, -0.08852905035018921, -0.012453556060791016, 0.13990932703018188
260, 479085196, 0.9999938011169434, -1.531168818473816E-4, 0.00309793371707201, 0.0016535008326172829, -0.08982807397842407, -0.018797457218170166, 0.14012545347213745
261, 479101863, 0.9999947547912598, -2.4996697902679443E-6, 0.0030211033299565315, 0.001152792014181614, -0.09120017290115356, -0.018971502780914307, 0.14041954278945923
262, 479118530, 0.9999948143959045, -1.246575266122818E-4, 0.0030302470549941063, 0.0010912185534834862, -0.08994293212890625, -0.012914717197418213, 0.13751864433288574
263, 479135197, 0.9999939203262329, -6.151329725980759E-4, 0.003182952292263508, 0.0013033682480454445, -0.09073716402053833, -0.011712849140167236, 0.13544535636901855
264, 479151864, 0.9999931454658508, -0.001091422513127327, 0.003245263360440731, 0.0014085741713643074, -0.09218144416809082, -0.012875139713287354, 0.13342422246932983
265, 479168531, 0.9999927282333374, -0.0012928899377584457, 0.003255750983953476, 0.0014884080737829208, -0.09417122602462769, -0.0150948166847229, 0.1338503360748291
266, 479185198, 0.9999932646751404, -8.067376911640167E-4, 0.0032006222754716873, 0.001605648547410965, -0.09462171792984009, -0.017970621585845947, 0.1348494291305542
267, 479201865, 0.9999935626983643, -1.1893920600414276E-4, 0.003180543892085552, 0.0016431258991360664, -0.09514069557189941, -0.015711963176727295, 0.13315242528915405
268, 479218532, 0.9999933838844299, 1.858370378613472E-4, 0.003283620811998844, 0.0015549948439002037, -0.09693121910095215, -0.014309823513031006, 0.13110053539276123
269, 479235199, 0.9999929070472717, -4.331767559051514E-5, 0.0034271450713276863, 0.0015648799017071724, -0.09871578216552734, -0.012830138206481934, 0.12980711460113525
270, 479251866, 0.9999922513961792, -4.570949822664261E-4, 0.0036092111840844154, 0.0015032002702355385, -0.10015535354614258, -0.012150108814239502, 0.1304606795310974
271, 479268533, 0.9999915957450867, -7.203947752714157E-4, 0.003740818239748478, 0.0015000710263848305, -0.10058677196502686, -0.009998857975006104, 0.12768948078155518
272, 479285200, 0.9999905824661255, -8.600465953350067E-4, 0.003869703970849514, 0.0017705103382468224, -0.09940207004547119, -0.010601460933685303, 0.12677693367004395
273, 479301867, 0.9999901056289673, -7.369667291641235E-4, 0.003994747065007687, 0.0018165381625294685, -0.10153049230575562, -0.01506650447845459, 0.126986563205719
274, 479318534, 0.9999905824661255, -2.662055194377899E-4, 0.003955581225454807, 0.0017819972708821297, -0.10322630405426025, -0.016501963138580322, 0.12579500675201416
275, 479335201, 0.9999899864196777, 3.038095310330391E-4, 0.004121377132833004, 0.0017286529764533043, -0.1048736572265625, -0.014721333980560303, 0.12270450592041016
276, 479351868, 0.9999884366989136, 6.902581080794334E-4, 0.004362844862043858, 0.0018915636464953423, -0.10601091384887695, -0.011069178581237793, 0.120197594165802
277, 479368535, 0.9999868273735046, 0.0011287638917565346, 0.0045628054067492485, 0.0020556626841425896, -0.10596227645874023, -0.013659536838531494, 0.12017565965652466
278, 479385202, 0.9999865889549255, 0.0013924529775977135, 0.004677060060203075, 0.0017505297437310219, -0.1076858639717102, -0.015111029148101807, 0.1212228536605835
279, 479401869, 0.999987006187439, 0.0010947482660412788, 0.00476031843572855, 0.0014577815309166908, -0.10682368278503418, -0.010609090328216553, 0.12269240617752075
280, 479418536, 0.9999861121177673, 6.883153691887856E-4, 0.004983679391443729, 0.0015620710328221321, -0.10762530565261841, -0.005670785903930664, 0.12265533208847046
281, 479435203, 0.9999850392341614, 3.004418686032295E-4, 0.005088607780635357, 0.0019713593646883965, -0.11025536060333252, 2.5159120559692383E-4, 0.12122458219528198
282, 479451870, 0.9999850988388062, 1.5466194599866867E-4, 0.00490207877010107, 0.002395416609942913, -0.1102718710899353, -0.0016403794288635254, 0.1221352219581604
283, 479468537, 0.9999861121177673, -2.2065266966819763E-4, 0.00467892549932003, 0.002420470118522644, -0.1100156307220459, -0.0057454705238342285, 0.12213325500488281
284, 479485204, 0.9999860525131226, -0.0011080987751483917, 0.004662045277655125, 0.002216189168393612, -0.11312389373779297, -0.004859328269958496, 0.12375855445861816
285, 479501871, 0.9999856948852539, -0.0015741270035505295, 0.004599916748702526, 0.002221810631453991, -0.11651778221130371, -0.007399201393127441, 0.1232074499130249
286, 479518538, 0.9999861121177673, -0.0017281901091337204, 0.004502152092754841, 0.002131235785782337, -0.1167406439781189, -0.009326338768005371, 0.12291562557220459
287, 479535205, 0.9999869465827942, -0.0017623081803321838, 0.0043083662167191505, 0.002118798904120922, -0.11711186170578003, -0.00906461477279663, 0.12114179134368896
288, 479551872, 0.9999881982803345, -0.0017393846064805984, 0.004041890613734722, 0.002071433700621128, -0.11945366859436035, -0.008726060390472412, 0.12138932943344116
289, 479568539, 0.9999896287918091, -0.0010473355650901794, 0.003867140971124172, 0.0021523581817746162, -0.12246626615524292, -0.010423600673675537, 0.11952143907546997
290, 479585206, 0.9999905824661255, -4.2341090738773346E-4, 0.0038252240046858788, 0.0020008934661746025, -0.124636709690094, -0.010183095932006836, 0.11689144372940063
291, 479601873, 0.9999914169311523, -4.698168486356735E-4, 0.003653174266219139, 0.0019048433750867844, -0.1249697208404541, -0.006831526756286621, 0.11417341232299805
292, 479618540, 0.9999908804893494, -0.0013358741998672485, 0.0036156410351395607, 0.0018511703237891197, -0.12366241216659546, -0.0074530839920043945, 0.11495989561080933
293, 479635207, 0.9999907612800598, -0.0018275976181030273, 0.003504387103021145, 0.0016937674954533577, -0.1224173903465271, -0.00924140214920044, 0.1150503158569336
294, 479651874, 0.9999911785125732, -0.0018800534307956696, 0.003384730778634548, 0.0016418276354670525, -0.1225774884223938, -0.009081840515136719, 0.1136370301246643
295, 479668541, 0.9999915361404419, -0.0015033707022666931, 0.003401714377105236, 0.0017438335344195366, -0.12542587518692017, -0.008156359195709229, 0.10946071147918701
296, 479685208, 0.9999922513961792, -0.0012714546173810959, 0.0033216383308172226, 0.001697031781077385, -0.12676078081130981, -0.006350398063659668, 0.10848170518875122
297, 479701875, 0.9999927282333374, -0.0013032611459493637, 0.0031353747472167015, 0.0017517013475298882, -0.12644928693771362, -0.006303071975708008, 0.10724663734436035
298, 479718542, 0.9999927282333374, -0.0012549199163913727, 0.0030696066096425056, 0.0018724193796515465, -0.12668120861053467, -0.009515702724456787, 0.10798001289367676
299, 479735209, 0.9999933838844299, -3.534909337759018E-4, 0.0030088936910033226, 0.002013980410993099, -0.127241313457489, -0.009638369083404541, 0.10748356580734253
300, 479751876, 0.9999921321868896, 0.0011348435655236244, 0.0030445819720625877, 0.002274991013109684, -0.1285446286201477, -0.008174121379852295, 0.10506951808929443
301, 479768543, 0.9999904632568359, 0.0021170927211642265, 0.0030314261093735695, 0.002325107343494892, -0.12953990697860718, -0.007863640785217285, 0.10343724489212036
302, 479785210, 0.9999926090240479, 0.0017830142751336098, 0.00283863116055727, 0.0018815519288182259, -0.1285722851753235, -0.003937363624572754, 0.10402357578277588
303, 479801877, 0.9999945759773254, 3.3091288059949875E-4, 0.002775860019028187, 0.0017417026683688164, -0.1271895170211792, 0.0031355619430541992, 0.10279220342636108
304, 479818544, 0.9999935626983643, -0.00109163299202919, 0.0028694244101643562, 0.0018701991066336632, -0.12784624099731445, -5.58316707611084E-4, 0.1038510799407959
305, 479835211, 0.9999927878379822, -0.001638585701584816, 0.002859950065612793, 0.001901969313621521, -0.12993651628494263, -0.004031240940093994, 0.10268551111221313
306, 479851878, 0.9999926686286926, -0.0018596844747662544, 0.002801906317472458, 0.0018402822315692902, -0.13079917430877686, -0.0036464333534240723, 0.10151845216751099
307, 479868545, 0.9999927282333374, -0.0022025201469659805, 0.002666543237864971, 0.001605386845767498, -0.1320410966873169, -2.676248550415039E-5, 0.1033589243888855
308, 479885212, 0.9999914765357971, -0.002848030999302864, 0.002444283105432987, 0.001726093702018261, -0.13253438472747803, -2.8765201568603516E-4, 0.10399621725082397
309, 479901879, 0.9999935030937195, -0.0023059044033288956, 0.0021837735548615456, 0.001722610555589199, -0.13347941637039185, -0.00795656442642212, 0.10448211431503296
310, 479918546, 0.9999958276748657, -0.0014185700565576553, 0.00197621900588274, 0.0015432750806212425, -0.13497638702392578, -0.0070784687995910645, 0.100888192653656
311, 479935213, 0.9999960660934448, -8.604247123003006E-4, 0.0020931651815772057, 0.0016540708020329475, -0.13572126626968384, -4.074573516845703E-4, 0.09819328784942627
312, 479951880, 0.9999960064888, -7.169041782617569E-4, 0.0020605502650141716, 0.0017835432663559914, -0.13570094108581543, 6.889700889587402E-4, 0.0973542332649231
313, 479968547, 0.9999962449073792, -9.539443999528885E-4, 0.0019951025024056435, 0.0016071861609816551, -0.13410013914108276, -0.0045855045318603516, 0.09633052349090576
314, 479985214, 0.9999963045120239, -0.0012313872575759888, 0.001971346326172352, 0.0014113495126366615, -0.13312047719955444, -0.006493270397186279, 0.09882253408432007
315, 480001881, 0.9999968409538269, -9.22204926609993E-4, 0.0018749712035059929, 0.0013857996091246605, -0.13333934545516968, -0.003696262836456299, 0.0989183783531189
316, 480018548, 0.9999970197677612, -6.110686808824539E-4, 0.0018531149253249168, 0.0014623505994677544, -0.13410723209381104, -1.842975616455078E-4, 0.09457969665527344
317, 480035215, 0.9999970197677612, -3.1168852001428604E-4, 0.0019096732139587402, 0.0014864690601825714, -0.13582342863082886, -0.003687739372253418, 0.09279376268386841
318, 480051882, 0.9999977946281433, -2.289116382598877E-4, 0.001695028506219387, 0.0012372909113764763, -0.13557875156402588, -0.0038506388664245605, 0.09448480606079102
319, 480068549, 0.9999977350234985, -5.29823824763298E-4, 0.0016683610156178474, 0.001186770386993885, -0.13485503196716309, -0.0010341405868530273, 0.09453493356704712
320, 480085216, 0.9999975562095642, -6.510112434625626E-4, 0.0017296792939305305, 0.001209263689815998, -0.13562196493148804, -9.070038795471191E-4, 0.0934523344039917
321, 480101883, 0.9999974966049194, -6.982702761888504E-4, 0.0017764875665307045, 0.0011728564277291298, -0.13630717992782593, -0.0037099719047546387, 0.09244221448898315
322, 480118550, 0.9999977350234985, -6.182212382555008E-4, 0.0017724661156535149, 9.831497445702553E-4, -0.13601350784301758, -0.0020753145217895508, 0.09349876642227173
323, 480135217, 0.9999979734420776, -7.910020649433136E-4, 0.001620386727154255, 8.696736767888069E-4, -0.1369386911392212, 0.0013382434844970703, 0.09406828880310059
324, 480151884, 0.9999969601631165, -0.0017207935452461243, 0.0014907298609614372, 9.415438398718834E-4, -0.13832318782806396, 0.0032874345779418945, 0.09297049045562744
325, 480168551, 0.9999963045120239, -0.0019169002771377563, 0.0015517715364694595, 0.001167410984635353, -0.13821280002593994, 0.0012034177780151367, 0.09150189161300659
326, 480185218, 0.9999967217445374, -0.0016389694064855576, 0.0015917504206299782, 0.0011492883786559105, -0.138433039188385, -0.0035097599029541016, 0.09215211868286133
327, 480201885, 0.9999973773956299, -0.0014074444770812988, 0.0015276344493031502, 9.829243645071983E-4, -0.13953113555908203, -0.003040611743927002, 0.09115654230117798
328, 480218552, 0.9999974370002747, -0.0014562811702489853, 0.0013409042730927467, 0.0010983562096953392, -0.14204317331314087, 0.0056424736976623535, 0.08886599540710449
329, 480235219, 0.9999960660934448, -0.0018834806978702545, 0.001293533481657505, 0.0016221879050135612, -0.1410199999809265, 0.007832229137420654, 0.08368819952011108
330, 480251886, 0.9999943375587463, -0.0023898985236883163, 0.0014922423288226128, 0.0018463199958205223, -0.13891059160232544, 0.002942800521850586, 0.08564043045043945
331, 480268553, 0.9999946355819702, -0.0023275669664144516, 0.0015820516273379326, 0.0016903793439269066, -0.13657164573669434, -0.001994490623474121, 0.0882643461227417
332, 480285220, 0.9999960660934448, -0.0017883479595184326, 0.0015327716246247292, 0.0015132678672671318, -0.1374450922012329, -0.004449129104614258, 0.08909070491790771
333, 480301887, 0.8648447394371033, 0.4958210289478302, -0.07877115905284882, 4.131169989705086E-4, -0.13806754350662231, -0.005379617214202881, 0.08637940883636475
334, 480318554, 0.9999976754188538, 7.712068036198616E-4, -0.0016335025429725647, 0.0011620940640568733, -0.12496250867843628, 0.08448898792266846, 0.062155842781066895
335, 480335221, 0.9999975562095642, 9.294459596276283E-4, -0.0015734359622001648, 0.0012369556352496147, -0.12342458963394165, 0.08694881200790405, 0.058896660804748535
336, 480351888, 0.9999971389770508, 0.001259894110262394, -0.0015660952776670456, 0.001277354545891285, -0.12230420112609863, 0.08748811483383179, 0.061749279499053955
337, 480368555, 0.9999973177909851, 0.0011957651004195213, -0.0016003008931875229, 0.0011756950989365578, -0.12295311689376831, 0.08817064762115479, 0.06506919860839844
338, 480385222, 0.9999978542327881, 9.620273485779762E-4, -0.0014834962785243988, 0.001096411608159542, -0.12408167123794556, 0.089175283908844, 0.06521409749984741
339, 480401889, 0.9999979734420776, 7.275780662894249E-4, -0.00151895172894001, 0.0010854946449398994, -0.12392449378967285, 0.09063166379928589, 0.06444650888442993
340, 480418556, 0.9999980330467224, 8.406946435570717E-4, -0.0014322642236948013, 0.0010776938870549202, -0.12317150831222534, 0.092079758644104, 0.06389826536178589
341, 480435223, 0.9999977946281433, 0.0012726923450827599, -0.0013130493462085724, 0.0010494636371731758, -0.12363690137863159, 0.09338074922561646, 0.06439942121505737
342, 480451890, 0.9999977350234985, 0.0013879919424653053, -9.9947489798069E-4, 0.00127460528165102, -0.12266194820404053, 0.0945163369178772, 0.06648021936416626
343, 480468557, 0.999998152256012, 0.0011373264715075493, -8.987728506326675E-4, 0.0012416904792189598, -0.12165379524230957, 0.09598720073699951, 0.06663250923156738
344, 480485224, 0.9999982714653015, 0.0011912602931261063, -6.610490381717682E-4, 0.0012690741568803787, -0.12174969911575317, 0.09646987915039062, 0.06387615203857422
345, 480501891, 0.9999979138374329, 0.0012755068019032478, -6.874222308397293E-4, 0.0014209402725100517, -0.12288367748260498, 0.09479010105133057, 0.06115448474884033
346, 480518558, 0.9999979734420776, 0.0013428376987576485, -6.19545578956604E-4, 0.0013873139396309853, -0.12258082628250122, 0.09142589569091797, 0.06568610668182373
347, 480535225, 0.9999984502792358, 0.001437540166079998, -6.859749555587769E-4, 7.699904963374138E-4, -0.12060213088989258, 0.0903741717338562, 0.06925445795059204
348, 480551892, 0.9999984502792358, 0.0015843836590647697, -6.449390202760696E-4, 4.7687720507383347E-4, -0.11930841207504272, 0.09169727563858032, 0.068453848361969
349, 480568559, 0.9999992251396179, 9.866422042250633E-4, -5.779638886451721E-4, 4.3684523552656174E-4, -0.11803323030471802, 0.09335517883300781, 0.06971949338912964
350, 480585226, 0.9999995827674866, 6.426805630326271E-4, -4.076845943927765E-4, 4.6317558735609055E-4, -0.11786389350891113, 0.09390479326248169, 0.06386137008666992
351, 480601893, 0.9999995231628418, 6.907125934958458E-4, -3.9766356348991394E-4, 5.393391475081444E-4, -0.11897784471511841, 0.09432101249694824, 0.06196087598800659
352, 480618560, 0.999999463558197, 8.43181274831295E-4, -2.1661631762981415E-4, 5.5661890655756E-4, -0.1180272102355957, 0.09472310543060303, 0.06293386220932007
353, 480635227, 0.9999996423721313, 6.868178024888039E-4, -1.5166401863098145E-4, 5.320543423295021E-4, -0.11675965785980225, 0.09151744842529297, 0.06648761034011841
354, 480651894, 0.9999998807907104, 3.4220796078443527E-4, -2.115163952112198E-4, 3.0726660043001175E-4, -0.11708223819732666, 0.09327268600463867, 0.06800216436386108
355, 480668561, 0.9999999403953552, 2.168295904994011E-4, -1.789536327123642E-4, 2.5430601090192795E-4, -0.11812251806259155, 0.09382867813110352, 0.06356996297836304
356, 480685228, 0.9999999403953552, 2.1370220929384232E-4, -1.758374273777008E-4, 2.2574979811906815E-4, -0.11800765991210938, 0.09254807233810425, 0.06464183330535889
357, 480701895, 0.9999999403953552, 3.042491152882576E-4, -1.3702921569347382E-4, 4.3268315494060516E-5, -0.11773699522018433, 0.09398508071899414, 0.06847226619720459
358, 480718562, 1.0, 2.185637131333351E-4, 4.352536052465439E-5, -5.584023892879486E-5, -0.11865776777267456, 0.09722024202346802, 0.06401664018630981
359, 480735229, 0.9999999403953552, -2.4407915771007538E-4, 8.207466453313828E-5, 5.308445543050766E-5, -0.11899489164352417, 0.09379005432128906, 0.062446534633636475
360, 480751896, 0.9999999403953552, -3.0625611543655396E-4, -1.689605414867401E-5, -4.13600355386734E-5, -0.11826878786087036, 0.09180742502212524, 0.06430572271347046
361, 480768563, 1.0, -1.310296356678009E-4, 9.521842002868652E-6, -1.474916934967041E-4, -0.11925297975540161, 0.0947694182395935, 0.06272011995315552
362, 480785230, 1.0, 5.521252751350403E-5, 6.470829248428345E-6, -3.492273390293121E-5, -0.11952966451644897, 0.09435689449310303, 0.061046302318573
363, 480801897, 1.0, 8.19796696305275E-5, -3.4747645258903503E-5, -1.462996006011963E-4, -0.11868423223495483, 0.09166961908340454, 0.06591534614562988
364, 480818564, 0.9999999403953552, 1.292489469051361E-5, -4.98499721288681E-5, -3.8460083305835724E-4, -0.11817944049835205, 0.09292316436767578, 0.06815659999847412
365, 480835231, 0.9999998807907104, -1.9110925495624542E-4, 6.160791963338852E-5, -3.809574991464615E-4, -0.1195448637008667, 0.09559327363967896, 0.06361335515975952
366, 480851898, 0.9999998807907104, -3.596991300582886E-4, 3.5540200769901276E-5, -2.4321489036083221E-4, -0.11998975276947021, 0.09516572952270508, 0.061469435691833496
367, 480868565, 0.9999999403953552, -1.6171857714653015E-4, 4.778895527124405E-5, -2.2271089255809784E-4, -0.12000149488449097, 0.09337443113327026, 0.06125164031982422
368, 480885232, 1.0, -1.158546656370163E-4, 7.347669452428818E-5, -1.518893986940384E-4, -0.11901271343231201, 0.09262967109680176, 0.06325799226760864
369, 480901899, 0.9999999403953552, -2.3387931287288666E-4, 5.279760807752609E-5, -1.9689276814460754E-4, -0.11834722757339478, 0.0938534140586853, 0.06566977500915527
370, 480918566, 0.9999999403953552, -2.7627311646938324E-4, 8.160807192325592E-5, -1.8572062253952026E-4, -0.11946690082550049, 0.09631741046905518, 0.060660481452941895
371, 480935233, 1.0, -1.93009153008461E-4, 8.078198879957199E-5, 4.831235855817795E-5, -0.12081551551818848, 0.09300494194030762, 0.060488760471343994
372, 480951900, 1.0, -6.849877536296844E-5, 5.699228495359421E-5, -5.5728480219841003E-5, -0.11944979429244995, 0.09238725900650024, 0.06518435478210449
373, 480968567, 0.9999999403953552, -1.7442181706428528E-4, 8.287746459245682E-5, -1.769382506608963E-4, -0.1188133955001831, 0.09295648336410522, 0.06672900915145874
374, 480985234, 0.9999998807907104, -4.2398273944854736E-4, 1.264084130525589E-5, -2.487245947122574E-4, -0.11898845434188843, 0.09474760293960571, 0.06315594911575317
375, 481001901, 0.9999999403953552, -3.254953771829605E-4, -1.2237578630447388E-5, -4.620105028152466E-5, -0.11990207433700562, 0.09409701824188232, 0.05847907066345215
376, 481018568, 1.0, 5.194917321205139E-6, -7.39656388759613E-5, 6.766431033611298E-5, -0.11935675144195557, 0.09199392795562744, 0.061149001121520996
377, 481035235, 1.0, 1.0414328426122665E-4, -5.365349352359772E-5, -2.475827932357788E-5, -0.11814713478088379, 0.0929415225982666, 0.06599462032318115
378, 481051902, 1.0, -1.4976412057876587E-4, -2.05356627702713E-5, -1.3256818056106567E-4, -0.11908930540084839, 0.09466683864593506, 0.065060555934906
379, 481068569, 0.9999999403953552, -3.4848786890506744E-4, 1.528766006231308E-5, -3.3797696232795715E-5, -0.1198800802230835, 0.09486901760101318, 0.060418903827667236
380, 481085236, 0.9999999403953552, -1.771915704011917E-4, -9.278953075408936E-5, 1.5517603605985641E-4, -0.11996221542358398, 0.09253931045532227, 0.06000244617462158
381, 481101903, 1.0, 1.6445759683847427E-4, -1.297295093536377E-4, 1.2028682976961136E-4, -0.11833417415618896, 0.0932612419128418, 0.06413745880126953
382, 481118570, 1.0, 1.779673621058464E-4, -1.243259757757187E-4, 6.32433220744133E-5, -0.11857342720031738, 0.09525156021118164, 0.06438404321670532
383, 481135237, 1.0, -2.4808570742607117E-5, -1.1854246258735657E-4, 1.324201002717018E-4, -0.11963105201721191, 0.09423404932022095, 0.06306540966033936
384, 481151904, 1.0, -8.281320333480835E-6, -8.948147296905518E-5, 2.2948440164327621E-4, -0.11947792768478394, 0.0933426022529602, 0.06249237060546875
385, 481168571, 1.0, 1.0563991963863373E-5, -1.299772411584854E-4, 1.9638147205114365E-4, -0.11848318576812744, 0.09329062700271606, 0.06452828645706177
386, 481185238, 1.0, -2.135336399078369E-5, -8.40798020362854E-5, 1.4561694115400314E-4, -0.11802041530609131, 0.09419959783554077, 0.06407088041305542
387, 481201905, 1.0, 1.7617829144001007E-5, -8.249841630458832E-5, 1.0424759238958359E-4, -0.11809790134429932, 0.09355849027633667, 0.06446480751037598
388, 481218572, 1.0, 5.416572093963623E-5, -1.2097135186195374E-4, 8.215196430683136E-5, -0.11850476264953613, 0.093985915184021, 0.06459224224090576
389, 481235239, 1.0, 6.984453648328781E-5, -3.381073474884033E-5, 1.1073146015405655E-4, -0.11925250291824341, 0.09454464912414551, 0.0633918046951294
390, 481251906, 1.0, 1.3121869415044785E-4, -4.083476960659027E-5, 1.8651504069566727E-4, -0.11940562725067139, 0.09406322240829468, 0.06205403804779053
391, 481268573, 0.9999999403953552, 8.472520858049393E-5, -8.069165050983429E-5, 2.3893360048532486E-4, -0.11951130628585815, 0.0936850905418396, 0.06370383501052856
392, 481285240, 1.0, -5.1800161600112915E-6, -1.1113472282886505E-4, 1.613972708582878E-4, -0.11959320306777954, 0.09447288513183594, 0.06517523527145386
393, 481301907, 1.0, -9.11559909582138E-5, -9.999237954616547E-5, 9.408127516508102E-5, -0.11920344829559326, 0.09573805332183838, 0.06523758172988892
394, 481318574, 1.0, -3.1303614377975464E-5, -3.963150084018707E-5, 7.807556539773941E-5, -0.11930513381958008, 0.09565818309783936, 0.06284159421920776
395, 481335241, 1.0, 1.2594740837812424E-4, -6.240233778953552E-5, 1.938333734869957E-4, -0.11882072687149048, 0.09319019317626953, 0.06381469964981079
396, 481351908, 1.0, 1.812530681490898E-4, -8.159130811691284E-5, 1.444173976778984E-4, -0.11797845363616943, 0.09348756074905396, 0.06567370891571045
397, 481368575, 1.0, 1.2964848428964615E-4, -6.115436553955078E-5, 5.302857607603073E-5, -0.11745035648345947, 0.09404516220092773, 0.06532597541809082
398, 481385242, 1.0, 4.048645496368408E-5, -3.674440085887909E-5, 1.1947005987167358E-4, -0.11843907833099365, 0.09473150968551636, 0.06174498796463013
399, 481401909, 1.0, 5.1791779696941376E-5, -2.958066761493683E-5, 2.0625349134206772E-4, -0.11857384443283081, 0.09289336204528809, 0.06345003843307495
400, 481418576, 1.0, 6.899330765008926E-5, -3.3546239137649536E-5, 1.1261086910963058E-4, -0.11793965101242065, 0.09322696924209595, 0.06659555435180664
401, 481435243, 1.0, -5.079805850982666E-5, -1.397356390953064E-5, 5.098991096019745E-6, -0.11837232112884521, 0.0948265790939331, 0.06541240215301514
402, 481451910, 1.0, -1.5943124890327454E-4, -3.014504909515381E-5, 9.390804916620255E-5, -0.1190062165260315, 0.09441721439361572, 0.06357079744338989
403, 481468577, 1.0, -4.68473881483078E-5, -6.70403242111206E-5, 1.2392085045576096E-4, -0.11868643760681152, 0.0944523811340332, 0.06423050165176392
404, 481485244, 1.0, 4.270114004611969E-6, -4.786066710948944E-5, 8.81953164935112E-5, -0.11813849210739136, 0.09463173151016235, 0.06529504060745239
405, 481501911, 1.0, 1.1752452701330185E-4, -2.267397940158844E-5, 8.045975118875504E-5, -0.118588387966156, 0.09525007009506226, 0.0631677508354187
406, 481518578, 1.0, 1.3261102139949799E-5, -4.982203245162964E-5, 2.3792963474988937E-4, -0.11785304546356201, 0.0939142107963562, 0.0620574951171875
407, 481535245, 1.0, 1.622457057237625E-5, -6.277859210968018E-5, 1.9377563148736954E-4, -0.11734354496002197, 0.09272688627243042, 0.06495815515518188
408, 481551912, 1.0, -2.378597855567932E-5, -3.201514482498169E-5, 8.998718112707138E-5, -0.1166943907737732, 0.09354507923126221, 0.06562232971191406
409, 481568579, 1.0, -1.9236095249652863E-4, -2.7701258659362793E-5, -2.971850335597992E-5, -0.11667555570602417, 0.09407854080200195, 0.06533783674240112
410, 481585246, 1.0, -1.8203631043434143E-4, -9.739212691783905E-5, -4.597567021846771E-5, -0.11744493246078491, 0.09467417001724243, 0.06413501501083374
411, 481601913, 1.0, 1.0355375707149506E-5, -1.3810023665428162E-4, -8.474476635456085E-5, -0.1192120909690857, 0.09570306539535522, 0.06284332275390625
412, 481618580, 1.0, 6.458815187215805E-5, -1.267455518245697E-4, -2.7203932404518127E-5, -0.12000536918640137, 0.09513765573501587, 0.061444878578186035
413, 481635247, 1.0, 1.830626279115677E-4, -1.461021602153778E-4, 6.537884473800659E-5, -0.1180870532989502, 0.09381324052810669, 0.06304514408111572
414, 481651914, 1.0, 1.743929460644722E-4, -8.696131408214569E-5, 7.867347449064255E-5, -0.11953675746917725, 0.0953255295753479, 0.06421530246734619
415, 481668581, 1.0, 2.170819789171219E-5, -1.657940447330475E-5, 7.099471986293793E-6, -0.12394070625305176, 0.09389394521713257, 0.06464248895645142
416, 481685248, 1.0, 1.785019412636757E-4, -4.835054278373718E-5, -1.4828145503997803E-4, -0.1264653205871582, 0.09496599435806274, 0.06366574764251709
417, 481701915, 0.9999998807907104, 5.376851186156273E-4, -3.1812116503715515E-5, -4.713237285614014E-5, -0.12524080276489258, 0.09879308938980103, 0.06299847364425659
418, 481718582, 0.9999997019767761, 7.628025487065315E-4, 1.9797123968601227E-5, 1.4029350131750107E-4, -0.12181627750396729, 0.09826147556304932, 0.06368362903594971
419, 481735249, 0.9999995827674866, 8.431738242506981E-4, 4.5812688767910004E-5, 2.7162861078977585E-4, -0.1189621090888977, 0.09684908390045166, 0.06518691778182983
420, 481751916, 0.9999996423721313, 7.775230333209038E-4, 1.5888456255197525E-4, 2.9742252081632614E-4, -0.11670029163360596, 0.09635448455810547, 0.06623482704162598
421, 481768583, 0.9999998211860657, 5.191629752516747E-4, 2.5064218789339066E-4, 2.5383662432432175E-4, -0.11408597230911255, 0.0944443941116333, 0.0674939751625061
422, 481785250, 0.9999998807907104, 2.7667079120874405E-4, 3.181183710694313E-4, 1.6480963677167892E-4, -0.11308562755584717, 0.09337383508682251, 0.06657367944717407
423, 481801917, 0.9999998807907104, 2.3850146681070328E-4, 3.456929698586464E-4, 1.5767384320497513E-4, -0.11320948600769043, 0.09345543384552002, 0.06657546758651733
424, 481818584, 0.9999998807907104, 9.786803275346756E-5, 4.5545678585767746E-4, 1.5617627650499344E-4, -0.11419016122817993, 0.0957111120223999, 0.06555360555648804
425, 481835251, 0.9999998211860657, 1.973472535610199E-6, 5.342969670891762E-4, 1.9742269068956375E-4, -0.11486309766769409, 0.09570515155792236, 0.06534045934677124
426, 481851918, 0.9999998211860657, -2.041291445493698E-4, 5.772830918431282E-4, 1.3974029570817947E-4, -0.11550956964492798, 0.09606778621673584, 0.06723552942276001
427, 481868585, 0.9999997019767761, -3.46137210726738E-4, 6.940700113773346E-4, 9.110383689403534E-5, -0.11649811267852783, 0.09729301929473877, 0.06631451845169067
428, 481885252, 0.9999997019767761, -3.8559362292289734E-4, 6.891721859574318E-4, 5.662534385919571E-5, -0.11750566959381104, 0.0972815752029419, 0.06565529108047485
429, 481901919, 0.9999997019767761, -3.312472254037857E-4, 6.789388135075569E-4, -3.7303194403648376E-5, -0.11753994226455688, 0.09710592031478882, 0.06527620553970337
430, 481918586, 0.9999997019767761, -1.8432550132274628E-4, 7.032249122858047E-4, -1.346096396446228E-4, -0.11651188135147095, 0.09702485799789429, 0.06495362520217896
431, 481935253, 0.9999997019767761, -1.297052949666977E-4, 7.035853341221809E-4, -3.105774521827698E-4, -0.11673539876937866, 0.09706878662109375, 0.0648236870765686
432, 481951920, 0.9999996423721313, -1.9272230565547943E-4, 7.458841428160667E-4, -4.089716821908951E-4, -0.11736756563186646, 0.09785890579223633, 0.06333494186401367
433, 481968587, 0.9999996423721313, -1.8068961799144745E-4, 7.406016811728477E-4, -4.023537039756775E-4, -0.1180925965309143, 0.09674543142318726, 0.06261110305786133
434, 481985254, 0.9999995827674866, -2.664513885974884E-4, 7.56298191845417E-4, -5.002599209547043E-4, -0.11879640817642212, 0.09554922580718994, 0.06578880548477173
435, 482001921, 0.9999992847442627, -3.688689321279526E-4, 8.125444874167442E-4, -7.99303874373436E-4, -0.11938107013702393, 0.0958288311958313, 0.06664735078811646
436, 482018588, 0.9999991655349731, -1.942664384841919E-4, 8.272388949990273E-4, -9.881537407636642E-4, -0.12150973081588745, 0.09647482633590698, 0.06337994337081909
437, 482035255, 0.9999991655349731, -1.6462989151477814E-4, 7.780818268656731E-4, -0.0010364670306444168, -0.12323039770126343, 0.09609204530715942, 0.06382942199707031
438, 482051922, 0.9999990463256836, -1.1800788342952728E-4, 8.136788383126259E-4, -0.0010887440294027328, -0.12209051847457886, 0.09683531522750854, 0.06489336490631104
439, 482068589, 0.9999990463256836, -2.2826343774795532E-4, 8.3134975284338E-4, -0.001103375107049942, -0.12031662464141846, 0.09667235612869263, 0.0655064582824707
440, 482085256, 0.9999988079071045, -3.041401505470276E-4, 8.798306807875633E-4, -0.0012315139174461365, -0.11906594038009644, 0.09662729501724243, 0.06388401985168457
441, 482101923, 0.9999986886978149, -2.1070055663585663E-4, 0.001002633012831211, -0.0012698378413915634, -0.11904335021972656, 0.09439617395401001, 0.060749709606170654
442, 482118590, 0.9999985694885254, -1.3506412506103516E-4, 0.0011230623349547386, -0.0012490693479776382, -0.11909878253936768, 0.09268760681152344, 0.06304383277893066
443, 482135257, 0.9999982118606567, -1.41926109790802E-4, 0.001243208535015583, -0.0014132559299468994, -0.11860287189483643, 0.09227186441421509, 0.06457281112670898
444, 482151924, 0.9999979138374329, -1.1318735778331757E-4, 0.0013671210035681725, -0.001499546691775322, -0.11967551708221436, 0.09271770715713501, 0.06432116031646729
445, 482168591, 0.999997615814209, -3.995615988969803E-4, 0.0014974279329180717, -0.0015459582209587097, -0.1198655366897583, 0.09269750118255615, 0.06678467988967896
446, 482185258, 0.9999967813491821, -8.064117282629013E-4, 0.001699012704193592, -0.0016977563500404358, -0.12055999040603638, 0.09260731935501099, 0.06723546981811523
447, 482201925, 0.8459830284118652, -0.5262250304222107, 0.08602046966552734, -6.340146064758301E-4, -0.12212461233139038, 0.0930476188659668, 0.06446593999862671
448, 482218592, 0.999995231628418, 0.0012039979919791222, -0.0020604655146598816, -0.001964559778571129, -0.13848614692687988, -0.004386603832244873, 0.09326022863388062
449, 482235259, 0.9999942779541016, 0.0012850286439061165, -0.002341553568840027, -0.0020832158625125885, -0.13972806930541992, -0.004819929599761963, 0.09401041269302368
450, 482251926, 0.9999937415122986, 0.0012853080406785011, -0.00244351290166378, -0.0022133663296699524, -0.1396498680114746, -0.00504612922668457, 0.09398490190505981
451, 482268593, 0.9999931454658508, 0.0012750858440995216, -0.0025086719542741776, -0.0023955777287483215, -0.1391364336013794, -0.00439828634262085, 0.09459555149078369
452, 482285260, 0.9999924302101135, 0.0013587744906544685, -0.0026274658739566803, -0.002516571432352066, -0.1384274959564209, -0.005436599254608154, 0.09566843509674072
453, 482301927, 0.9999914765357971, 0.0014316784217953682, -0.0028635021299123764, -0.0026007480919361115, -0.13816052675247192, -0.007815122604370117, 0.09708946943283081
454, 482318594, 0.9999908208847046, 0.001548859290778637, -0.0029456131160259247, -0.002706862986087799, -0.13817137479782104, -0.00482940673828125, 0.09671801328659058
455, 482335261, 0.9999905228614807, 0.0015433216467499733, -0.002983560785651207, -0.002770503982901573, -0.13745373487472534, -0.0052297115325927734, 0.09692913293838501
456, 482351928, 0.99998939037323, 0.0015389686450362206, -0.0031524058431386948, -0.0029877685010433197, -0.13700515031814575, -0.008880376815795898, 0.09896588325500488
457, 482368595, 0.9999881982803345, 0.0016405535861849785, -0.003225766122341156, -0.003237716853618622, -0.13614439964294434, -0.008909106254577637, 0.0988912582397461
458, 482385262, 0.9999879002571106, 0.0016837427392601967, -0.0032862089574337006, -0.0032510943710803986, -0.13530832529067993, -0.010420560836791992, 0.09951835870742798
459, 482401929, 0.9999862313270569, 0.0018640020862221718, -0.0034624170511960983, -0.003476690500974655, -0.13389962911605835, -0.016787469387054443, 0.10128134489059448
460, 482418596, 0.9999836683273315, 0.0020028939470648766, -0.0036007482558488846, -0.0039613451808691025, -0.1331779956817627, -0.015383124351501465, 0.10307741165161133
461, 482435263, 0.9999837875366211, 0.0018026912584900856, -0.003688620403409004, -0.0039411745965480804, -0.1333293318748474, -0.007297515869140625, 0.10055577754974365
462, 482451930, 0.9999848008155823, 0.0014079781249165535, -0.0037655625492334366, -0.0037804488092660904, -0.13316255807876587, -0.011224150657653809, 0.10073596239089966
463, 482468597, 0.9999837279319763, 0.0011463416740298271, -0.00387430377304554, -0.004027845337986946, -0.13210296630859375, -0.01650136709213257, 0.10498666763305664
464, 482485264, 0.9999820590019226, 0.0010983357205986977, -0.004006488248705864, -0.004312139004468918, -0.13035553693771362, -0.014394402503967285, 0.10788917541503906
465, 482501931, 0.9999813437461853, 0.001119517721235752, -0.004184667021036148, -0.004306493327021599, -0.12954914569854736, -0.012404680252075195, 0.10881340503692627
466, 482518598, 0.9999804496765137, 0.001007583923637867, -0.00434054434299469, -0.004389649257063866, -0.1273711919784546, -0.013656377792358398, 0.1093032956123352
467, 482535265, 0.999979555606842, 5.409242585301399E-4, -0.004491550847887993, -0.004521923139691353, -0.12587255239486694, -0.011967897415161133, 0.10930103063583374
468, 482551932, 0.9999786019325256, 1.460108906030655E-4, -0.00465492345392704, -0.004593135789036751, -0.12420737743377686, -0.017846345901489258, 0.11139452457427979
469, 482568599, 0.9999762177467346, 4.1372980922460556E-4, -0.004881199449300766, -0.004860715940594673, -0.1233167052268982, -0.024101436138153076, 0.11398380994796753
470, 482585266, 0.999972939491272, 9.030187502503395E-4, -0.0051000770181417465, -0.005224201828241348, -0.1235855221748352, -0.022055625915527344, 0.11595338582992554
471, 482601933, 0.9999716877937317, 8.785231038928032E-4, -0.0053610000759363174, -0.005210660398006439, -0.12364524602890015, -0.0170479416847229, 0.11633723974227905
472, 482618600, 0.9999706149101257, 2.9494520276784897E-4, -0.005692930892109871, -0.005125140771269798, -0.12328052520751953, -0.0178871750831604, 0.1187857985496521
473, 482635267, 0.9999696016311646, -4.026386886835098E-4, -0.005843324586749077, -0.005150951445102692, -0.12268543243408203, -0.01930779218673706, 0.12015563249588013
474, 482651934, 0.9999683499336243, -8.019004017114639E-4, -0.006023978814482689, -0.005134640261530876, -0.12323564291000366, -0.021356582641601562, 0.122314453125
475, 482668601, 0.9999669194221497, -5.012266337871552E-4, -0.006278626620769501, -0.005147144198417664, -0.12256664037704468, -0.021215438842773438, 0.122353196144104
476, 482685268, 0.9999656081199646, 4.4126342982053757E-4, -0.006629034876823425, -0.004965057596564293, -0.12028956413269043, -0.026014089584350586, 0.12307208776473999
477, 482701935, 0.9999621510505676, 0.0014702463522553444, -0.006993180140852928, -0.0049645062536001205, -0.1165265440940857, -0.03062427043914795, 0.12545722723007202
478, 482718602, 0.9999596476554871, 0.001849704422056675, -0.007197452709078789, -0.005047710612416267, -0.11418509483337402, -0.02732318639755249, 0.12362438440322876
479, 482735269, 0.999960720539093, 0.0015274034813046455, -0.00730455107986927, -0.004788227379322052, -0.11258810758590698, -0.021028459072113037, 0.12293839454650879
480, 482751936, 0.9999616742134094, 0.0014642300084233284, -0.00741027295589447, -0.004432620480656624, -0.1081230640411377, -0.026582062244415283, 0.12305736541748047
481, 482768603, 0.9999606013298035, 0.001974654383957386, -0.0073645636439323425, -0.00454331748187542, -0.10697513818740845, -0.032427310943603516, 0.1275368332862854
482, 482785270, 0.9999585151672363, 0.002382487989962101, -0.007489131763577461, -0.004610592499375343, -0.10562783479690552, -0.024538159370422363, 0.1297459602355957
483, 482801937, 0.9999603629112244, 0.002393740229308605, -0.007421191781759262, -0.004296824336051941, -0.1031876802444458, -0.018034040927886963, 0.12783575057983398
484, 482818604, 0.9999632239341736, 0.0020369915291666985, -0.007246881723403931, -0.004104791209101677, -0.1003727912902832, -0.022192656993865967, 0.129008948802948
485, 482835271, 0.9999650120735168, 0.0016100583598017693, -0.007060296833515167, -0.004181835800409317, -0.09716778993606567, -0.023538649082183838, 0.13138073682785034
486, 482851938, 0.9999666213989258, 0.0013303076848387718, -0.006892945617437363, -0.004175618290901184, -0.09399330615997314, -0.022438466548919678, 0.134446382522583
487, 482868605, 0.9999675154685974, 0.0015841620042920113, -0.00668632797896862, -0.004219338297843933, -0.0904039740562439, -0.025461554527282715, 0.13523495197296143
488, 482885272, 0.9999681711196899, 0.0018038880079984665, -0.006499951705336571, -0.004268024116754532, -0.08985024690628052, -0.023068487644195557, 0.1333216428756714
489, 482901939, 0.9999692440032959, 0.002356044016778469, -0.006381765007972717, -0.0038984883576631546, -0.09075206518173218, -0.02235555648803711, 0.131136953830719
490, 482918606, 0.9999673366546631, 0.003230470232665539, -0.006452202796936035, -0.003637811169028282, -0.08881306648254395, -0.029875099658966064, 0.13247478008270264
491, 482935273, 0.9999659061431885, 0.003621368668973446, -0.006522877141833305, -0.0035392865538597107, -0.08472007513046265, -0.03298842906951904, 0.13640475273132324
492, 482951940, 0.9999679923057556, 0.0034431135281920433, -0.00638379342854023, -0.003370145335793495, -0.0813748836517334, -0.02569115161895752, 0.136005699634552
493, 482968607, 0.9999724626541138, 0.002750634215772152, -0.0061951614916324615, -0.003016797825694084, -0.08048593997955322, -0.02526909112930298, 0.1361190676689148
494, 482985274, 0.9999744296073914, 0.0024114279076457024, -0.006135445088148117, -0.0027633756399154663, -0.07739120721817017, -0.030485451221466064, 0.1395564079284668
495, 483001941, 0.9999744296073914, 0.002255328930914402, -0.00618518702685833, -0.0027927998453378677, -0.07547897100448608, -0.02999866008758545, 0.14190226793289185
496, 483018608, 0.9999757409095764, 0.0018298467621207237, -0.0061607323586940765, -0.0026899073272943497, -0.07428038120269775, -0.02374732494354248, 0.14046627283096313
497, 483035275, 0.9999780654907227, 0.001305808313190937, -0.0060209352523088455, -0.0024291574954986572, -0.07287859916687012, -0.02356165647506714, 0.14307790994644165
498, 483051942, 0.9999783039093018, 0.001652541570365429, -0.005971033126115799, -0.0022470932453870773, -0.07035356760025024, -0.026553094387054443, 0.14543604850769043
499, 483068609, 0.9999759793281555, 0.0023901695385575294, -0.006058983504772186, -0.0023674555122852325, -0.06871724128723145, -0.029869496822357178, 0.1467401385307312
500, 483085276, 0.9999752044677734, 0.0026917839422822, -0.006070291623473167, -0.00233539380133152, -0.06681734323501587, -0.026922881603240967, 0.1487358808517456
501, 483101943, 0.9999763369560242, 0.0024627381935715675, -0.006048182025551796, -0.002163674682378769, -0.06511551141738892, -0.02465188503265381, 0.1492670178413391
502, 483118610, 0.9999772310256958, 0.002293751575052738, -0.006036741659045219, -0.0019496455788612366, -0.06213843822479248, -0.026574671268463135, 0.1493929624557495
503, 483135277, 0.999976396560669, 0.0026986105367541313, -0.0060399677604436874, -0.0018663834780454636, -0.05984526872634888, -0.026585161685943604, 0.15167236328125
504, 483151944, 0.9999760985374451, 0.0028487881645560265, -0.006072206422686577, -0.0016774032264947891, -0.058618783950805664, -0.021131813526153564, 0.15148639678955078
505, 483168611, 0.9999793767929077, 0.0019783591851592064, -0.005922066047787666, -0.0014925450086593628, -0.056954801082611084, -0.018708229064941406, 0.151836097240448
506, 483185278, 0.9999804496765137, 0.001440032385289669, -0.005922198295593262, -0.0014172308146953583, -0.054953813552856445, -0.020844638347625732, 0.15445715188980103
507, 483201945, 0.9999787211418152, 0.002164059318602085, -0.005987850949168205, -0.0014012102037668228, -0.052686333656311035, -0.026671230792999268, 0.1561579704284668
508, 483218612, 0.999975323677063, 0.0031915856525301933, -0.006044875830411911, -0.0016118641942739487, -0.05086982250213623, -0.028282523155212402, 0.15504080057144165
509, 483235279, 0.9999746084213257, 0.0034195510670542717, -0.00605429895222187, -0.001573815941810608, -0.05058377981185913, -0.02435392141342163, 0.1557302474975586
510, 483251946, 0.9999757409095764, 0.0031220568343997, -0.00603574700653553, -0.0015130043029785156, -0.04793500900268555, -0.020114123821258545, 0.1583007574081421
511, 483268613, 0.9999765157699585, 0.0030623655766248703, -0.005963899195194244, -0.0014256015419960022, -0.044138550758361816, -0.018390238285064697, 0.1576257348060608
512, 483285280, 0.9999773502349854, 0.0029595037922263145, -0.005897492170333862, -0.0013151690363883972, -0.042015910148620605, -0.020104587078094482, 0.15634405612945557
513, 483301947, 0.9999779462814331, 0.0029126526787877083, -0.005814386531710625, -0.001346733421087265, -0.039632976055145264, -0.020701229572296143, 0.15780776739120483
514, 483318614, 0.9999781847000122, 0.0025782622396945953, -0.005907315760850906, -0.0014450456947088242, -0.03825861215591431, -0.01756596565246582, 0.16175878047943115
515, 483335281, 0.9999799728393555, 0.0019141295924782753, -0.0059091318398714066, -0.0012333504855632782, -0.03494763374328613, -0.011530399322509766, 0.1613273024559021
516, 483351948, 0.9999812841415405, 0.001523633487522602, -0.0058470238000154495, -9.62279736995697E-4, -0.03275340795516968, -0.014913082122802734, 0.15933537483215332
517, 483368615, 0.9999818801879883, 0.0013736402615904808, -0.005752973258495331, -0.0011082831770181656, -0.031720519065856934, -0.01866668462753296, 0.16099607944488525
518, 483385282, 0.9999821186065674, 0.0015040962025523186, -0.005681892856955528, -0.0010823458433151245, -0.031506359577178955, -0.011016845703125, 0.1617528200149536
519, 483401949, 0.9999824166297913, 0.0016623223200440407, -0.005638407543301582, -8.026007562875748E-4, -0.029019713401794434, -0.009323179721832275, 0.16017401218414307
520, 483418616, 0.9999819993972778, 0.0017239255830645561, -0.005714349448680878, -6.146449595689774E-4, -0.025887370109558105, -0.014816641807556152, 0.16258925199508667
521, 483435283, 0.9999811053276062, 0.001904360018670559, -0.005790172144770622, -7.689986377954483E-4, -0.02464604377746582, -0.018298804759979248, 0.16533499956130981
522, 483451950, 0.9999807476997375, 0.002178211696445942, -0.005732797086238861, -9.330343455076218E-4, -0.02464073896408081, -0.013304710388183594, 0.16530311107635498
523, 483468617, 0.9999799132347107, 0.002507607452571392, -0.00576917827129364, -7.544811815023422E-4, -0.02262645959854126, -0.011486291885375977, 0.16269493103027344
524, 483485284, 0.9999805688858032, 0.0023681893944740295, -0.005723601207137108, -6.80362805724144E-4, -0.018504798412322998, -0.011775016784667969, 0.1617748737335205
525, 483501951, 0.9999820590019226, 0.0018945084884762764, -0.005646921694278717, -6.690211594104767E-4, -0.01693016290664673, -0.010215342044830322, 0.16271603107452393
526, 483518618, 0.9999840259552002, 0.0013404255732893944, -0.005455112084746361, -6.614178419113159E-4, -0.017514169216156006, -0.00967562198638916, 0.1632722020149231
527, 483535285, 0.9999843835830688, 0.001420564018189907, -0.005375176668167114, -6.10101968050003E-4, -0.016507506370544434, -0.012067735195159912, 0.16362446546554565
528, 483551952, 0.9999828338623047, 0.0020209187641739845, -0.005461687222123146, -6.15198165178299E-4, -0.011804282665252686, -0.01261979341506958, 0.1639397144317627
529, 483568619, 0.9999831914901733, 0.002032625488936901, -0.005394874140620232, -6.317496299743652E-4, -0.010629892349243164, -0.007088720798492432, 0.1646108627319336
530, 483585286, 0.9999849796295166, 0.0012907003983855247, -0.005306463688611984, -4.67497855424881E-4, -0.010734021663665771, -0.001891791820526123, 0.16455376148223877
531, 483601953, 0.9999862909317017, 8.05356539785862E-4, -0.005174420773983002, -2.2730976343154907E-4, -0.008240580558776855, -0.00816112756729126, 0.16472125053405762
532, 483618620, 0.9999861717224121, 9.061219170689583E-4, -0.005166972056031227, -3.5418011248111725E-4, -0.005558609962463379, -0.012322008609771729, 0.1646779179573059
533, 483635287, 0.9999862313270569, 5.809450522065163E-4, -0.005192499607801437, -4.478059709072113E-4, -0.003941237926483154, -0.008513152599334717, 0.1641988754272461
534, 483651954, 0.9999871850013733, 5.8329664170742035E-5, -0.0050576552748680115, -2.6573240756988525E-4, -0.0030494332313537598, -0.005021512508392334, 0.16394096612930298
535, 483668621, 0.9999876022338867, -2.0095892250537872E-4, -0.004968564957380295, -1.7770938575267792E-4, -0.001200258731842041, -0.009159326553344727, 0.16332364082336426
536, 483685288, 0.9999876618385315, 4.1629280894994736E-4, -0.004943253472447395, -3.2204948365688324E-4, 9.482502937316895E-4, -0.014441132545471191, 0.16222119331359863
537, 483701955, 0.9999874234199524, 9.025866165757179E-4, -0.00490603968501091, -5.491133779287338E-4, 0.0026192069053649902, -0.011696875095367432, 0.161651611328125
538, 483718622, 0.9999882578849792, 8.569350466132164E-4, -0.00474587082862854, -4.5942701399326324E-4, 0.0036896467208862305, -0.004667818546295166, 0.16278690099716187
539, 483735289, 0.9999897480010986, 4.0430109947919846E-4, -0.004505559802055359, -2.234838902950287E-4, 0.005582928657531738, -0.0051021575927734375, 0.16293060779571533
540, 483751956, 0.999990701675415, 1.481296494603157E-4, -0.004301894456148148, -1.7524324357509613E-4, 0.00663834810256958, -0.009417116641998291, 0.1615658402442932
541, 483768623, 0.9999921321868896, 5.8290548622608185E-5, -0.0039644911885261536, -2.1147914230823517E-4, 0.006779968738555908, -0.009420037269592285, 0.16009056568145752
542, 483785290, 0.9999927878379822, -5.705095827579498E-5, -0.003798883408308029, -5.362555384635925E-6, 0.009067654609680176, -0.005427122116088867, 0.16070836782455444
543, 483801957, 0.9999933242797852, -3.60218808054924E-4, -0.0036239102482795715, 3.2883230596780777E-4, 0.012662529945373535, -0.0035408735275268555, 0.15861648321151733
544, 483818624, 0.9999937415122986, -8.018314838409424E-4, -0.003434501588344574, 2.4019833654165268E-4, 0.013728082180023193, -0.005854427814483643, 0.15686339139938354
545, 483835291, 0.9999943971633911, -7.448680698871613E-4, -0.0032656751573085785, 1.3251882046461105E-4, 0.01514512300491333, -0.011588871479034424, 0.1570482850074768
546, 483851958, 0.9999946355819702, 2.4229194968938828E-4, -0.0032597947865724564, -5.673617124557495E-6, 0.01756894588470459, -0.015631675720214844, 0.15929365158081055
547, 483868625, 0.9999942779541016, 0.0012598512694239616, -0.0031403638422489166, -8.558668196201324E-5, 0.019286811351776123, -0.007663428783416748, 0.16020804643630981
548, 483885292, 0.9999943375587463, 0.001558343879878521, -0.0029749050736427307, 9.698700159788132E-5, 0.02031797170639038, -0.0023170113563537598, 0.16023153066635132
549, 483901959, 0.999995231628418, 9.792791679501534E-4, -0.002918822690844536, 8.954014629125595E-5, 0.020645201206207275, -0.006165564060211182, 0.16228020191192627
550, 483918626, 0.9999960064888, 4.244046285748482E-4, -0.0027902834117412567, -7.242895662784576E-5, 0.02342522144317627, -0.007108926773071289, 0.163723886013031
551, 483935293, 0.9999963641166687, 3.8461294025182724E-4, -0.002674594521522522, -7.064454257488251E-5, 0.02446693181991577, -0.00403439998626709, 0.16230326890945435
552, 483951960, 0.9999966621398926, 3.77691350877285E-4, -0.0025621429085731506, 8.108187466859818E-5, 0.024912774562835693, -0.005104184150695801, 0.15990227460861206
553, 483968627, 0.9999969005584717, 2.803569659590721E-4, -0.0024662595242261887, 8.938927203416824E-5, 0.023886561393737793, -0.007239818572998047, 0.15981048345565796
554, 483985294, 0.999997079372406, 1.9171927124261856E-4, -0.0023985225707292557, -9.011849761009216E-5, 0.02453237771987915, -0.009658455848693848, 0.16184371709823608
555, 484001961, 0.9999971389770508, 1.4736223965883255E-4, -0.0023913178592920303, -1.6586482524871826E-4, 0.0270235538482666, -0.007542550563812256, 0.16161084175109863
556, 484018628, 0.9999974966049194, -5.642883479595184E-5, -0.0022378377616405487, -2.2117979824543E-4, 0.027390480041503906, -0.00811624526977539, 0.15992414951324463
557, 484035295, 0.9999977350234985, -2.3288093507289886E-4, -0.0021085329353809357, -2.1611899137496948E-4, 0.026702046394348145, -0.006385505199432373, 0.15933853387832642
558, 484051962, 0.9999980330467224, -1.7311051487922668E-4, -0.0019774995744228363, -1.5564821660518646E-4, 0.02776658535003662, -0.0076920390129089355, 0.15879088640213013
559, 484068629, 0.9999980330467224, 1.9500870257616043E-4, -0.001969708129763603, -1.5812739729881287E-4, 0.029293358325958252, -0.007940351963043213, 0.15801489353179932
560, 484085296, 0.9999982118606567, 5.105761811137199E-4, -0.0018207002431154251, -1.43418088555336E-4, 0.03049546480178833, -0.005704224109649658, 0.15694475173950195
561, 484101963, 0.9999985098838806, 4.0826480835676193E-4, -0.0016604699194431305, -7.722340524196625E-5, 0.02947986125946045, -0.004938781261444092, 0.1573084592819214
562, 484118630, 0.9999986886978149, 6.013782694935799E-4, -0.0015227887779474258, -5.1666051149368286E-5, 0.030924856662750244, -0.007715344429016113, 0.15610283613204956
563, 484135297, 0.9999991059303284, 3.0616018921136856E-4, -0.0013086888939142227, -2.0319782197475433E-4, 0.031938910484313965, -0.006866395473480225, 0.15711665153503418
564, 484151964, 0.9999993443489075, 7.383432239294052E-5, -0.0011427775025367737, 4.093162715435028E-6, 0.03265714645385742, -2.740621566772461E-4, 0.1549006700515747
565, 484168631, 0.9999996423721313, -2.461262047290802E-4, -7.997471839189529E-4, 1.2478139251470566E-4, 0.03296864032745361, -0.006667494773864746, 0.15344738960266113
566, 484185298, 0.9999998211860657, -2.5751441717147827E-4, -5.054846405982971E-4, -8.419156074523926E-6, 0.032572150230407715, -0.009135723114013672, 0.15608364343643188
567, 484201965, 0.9999999403953552, 8.780788630247116E-5, -2.8372369706630707E-4, -1.1654570698738098E-4, 0.0334852933883667, -0.007107555866241455, 0.15534234046936035
568, 484218632, 1.0, 1.94440595805645E-4, -7.124058902263641E-5, -1.1436641216278076E-5, 0.033311307430267334, -0.005667746067047119, 0.15451622009277344
569, 484235299, 0.9999999403953552, 3.6824028939008713E-4, 6.692763417959213E-5, -2.4357810616493225E-5, 0.033896565437316895, -0.0052988529205322266, 0.15424686670303345
570, 484251966, 0.9999999403953552, 1.931656152009964E-5, 4.127407446503639E-4, -1.8967315554618835E-5, 0.03360557556152344, -0.00313413143157959, 0.15528374910354614
571, 484268633, 0.9999997615814209, -2.476777881383896E-4, 6.514331325888634E-4, 1.7785374075174332E-4, 0.032448649406433105, -0.003528892993927002, 0.1570805311203003
572, 484285300, 0.9999997615814209, -6.023421883583069E-5, 6.906716153025627E-4, 1.9931700080633163E-4, 0.03352159261703491, -0.007520556449890137, 0.15766805410385132
573, 484301967, 0.9999997615814209, 2.169748768210411E-4, 6.885742768645287E-4, 1.0217446833848953E-4, 0.033386826515197754, -0.009177088737487793, 0.15777665376663208
574, 484318634, 0.9999996423721313, 1.6035791486501694E-4, 8.024359121918678E-4, -6.010010838508606E-5, 0.03198343515396118, -0.007358133792877197, 0.1602931022644043
575, 484335301, 0.9999995231628418, -1.2621842324733734E-4, 9.866030886769295E-4, -6.696581840515137E-5, 0.03215700387954712, -0.002050340175628662, 0.16169869899749756
576, 484351968, 0.999999463558197, -1.567583531141281E-4, 0.00100687425583601, 2.0488444715738297E-4, 0.032188594341278076, -0.003023207187652588, 0.1631922721862793
577, 484368635, 0.9999995827674866, 2.603325992822647E-5, 8.993251249194145E-4, 1.7761345952749252E-4, 0.03282523155212402, -0.00839608907699585, 0.16303157806396484
578, 484385302, 0.9999995827674866, 1.0521616786718369E-4, 9.31556336581707E-4, -3.9208680391311646E-6, 0.030546903610229492, -0.00811678171157837, 0.1654191017150879
579, 484401969, 0.9999996423721313, 2.5176163762807846E-4, 7.849717512726784E-4, 1.8061138689517975E-5, 0.031112611293792725, -0.0058602094650268555, 0.16446739435195923
580, 484418636, 0.9999996423721313, 2.7033407241106033E-4, 7.57572241127491E-4, 1.4302600175142288E-4, 0.031399667263031006, -0.003418266773223877, 0.16305571794509888
581, 484435303, 0.9999997019767761, 9.429361671209335E-5, 6.615044549107552E-4, 3.087213262915611E-4, 0.03022819757461548, -0.0036006569862365723, 0.16363859176635742
582, 484451970, 0.9999997615814209, -2.0045973360538483E-4, 6.324863061308861E-4, 3.122566267848015E-4, 0.02983802556991577, -0.006509900093078613, 0.16499489545822144
583, 484468637, 0.9999997615814209, -1.756921410560608E-4, 5.801832303404808E-4, 2.8423313051462173E-4, 0.030082285404205322, -0.007795572280883789, 0.16501742601394653
584, 484485304, 0.9999997615814209, -1.5745311975479126E-4, 5.903290584683418E-4, 2.5173369795084E-4, 0.028966903686523438, -0.0069825053215026855, 0.16536688804626465
585, 484501971, 0.9999998211860657, 5.646515637636185E-5, 4.688529297709465E-4, 3.318721428513527E-4, 0.028208494186401367, -0.005883634090423584, 0.16454893350601196
586, 484518638, 0.9999998807907104, 1.0638218373060226E-4, 4.0102656930685043E-4, 2.938592806458473E-4, 0.029494285583496094, -0.0089033842086792, 0.1620115041732788
587, 484535305, 0.9999998807907104, 1.9400380551815033E-5, 5.077915266156197E-4, 1.9456539303064346E-4, 0.028094112873077393, -0.005350828170776367, 0.16349941492080688
588, 484551972, 0.9999998211860657, -7.906556129455566E-5, 5.48320822417736E-4, 3.031836822628975E-4, 0.027946114540100098, -0.005157470703125, 0.16376012563705444
589, 484568639, 0.9999998211860657, -5.875527858734131E-5, 4.724161699414253E-4, 3.55343334376812E-4, 0.029689013957977295, -0.0071926116943359375, 0.1630755066871643
590, 484585306, 0.9999998211860657, -3.1412579119205475E-4, 4.7028809785842896E-4, 2.978425472974777E-4, 0.028835415840148926, -0.005358576774597168, 0.16293668746948242
591, 484601973, 0.9999995827674866, -6.320644170045853E-4, 5.23851253092289E-4, 3.2517965883016586E-4, 0.026890873908996582, -0.004808485507965088, 0.16316813230514526
592, 484618640, 0.9999996423721313, -5.424860864877701E-4, 5.237134173512459E-4, 3.45851294696331E-4, 0.027990400791168213, -0.008571386337280273, 0.16329997777938843
593, 484635307, 0.9999998211860657, -1.210290938615799E-4, 5.257530137896538E-4, 2.4907197803258896E-4, 0.02837461233139038, -0.009043335914611816, 0.16361600160598755
594, 484651974, 0.9999998211860657, 3.577405586838722E-4, 4.462366923689842E-4, 1.9699614495038986E-4, 0.028112590312957764, -0.006385147571563721, 0.16246247291564941
595, 484668641, 0.9999998211860657, 1.8484797328710556E-4, 4.8402976244688034E-4, 2.5633443146944046E-4, 0.026691913604736328, -0.004038095474243164, 0.1633443832397461
596, 484685308, 0.9999998807907104, 1.926654949784279E-4, 3.411443904042244E-4, 3.636600449681282E-4, 0.027834653854370117, -0.0066127777099609375, 0.1635277271270752
597, 484701975, 0.9999998807907104, 6.266776472330093E-5, 3.528045490384102E-4, 2.7459766715765E-4, 0.02883237600326538, -0.007585763931274414, 0.1636452078819275
598, 484718642, 0.9999998807907104, 4.5719556510448456E-5, 3.5200919955968857E-4, 2.530468627810478E-4, 0.027047157287597656, -0.007556498050689697, 0.16379117965698242
599, 484735309, 0.9999999403953552, 2.8712674975395203E-5, 2.722349017858505E-4, 2.3245252668857574E-4, 0.026684820652008057, -0.007933199405670166, 0.1645922064781189
600, 484751976, 0.9999999403953552, 1.9810162484645844E-5, 2.1592248231172562E-4, 2.858256921172142E-4, 0.02756214141845703, -0.0072533488273620605, 0.1649056077003479
601, 484768643, 0.9999999403953552, -3.9340928196907043E-5, 2.6043783873319626E-4, 2.561667934060097E-4, 0.026654541492462158, -0.008240699768066406, 0.16489797830581665
602, 484785310, 0.9999999403953552, -2.4181976914405823E-4, 2.8648506850004196E-4, 8.705165237188339E-5, 0.025172948837280273, -0.007631242275238037, 0.16553348302841187
603, 484801977, 0.9999998807907104, -3.4002773463726044E-4, 2.4043116718530655E-4, 1.2345891445875168E-4, 0.026436269283294678, -0.005506634712219238, 0.16444730758666992
604, 484818644, 0.9999997615814209, -6.428025662899017E-4, 1.9317585974931717E-4, 1.6881804913282394E-4, 0.027424991130828857, -0.005866348743438721, 0.16350960731506348
605, 484835311, 0.9999992847442627, -0.0011639278382062912, 3.0200276523828506E-4, 1.7613451927900314E-4, 0.02602994441986084, -0.0041155219078063965, 0.16273170709609985
606, 484851978, 0.9999988675117493, -0.0014490224421024323, 3.72505746781826E-4, 2.7865637093782425E-4, 0.025497078895568848, -0.006992638111114502, 0.1623901128768921
607, 484868645, 0.9999992251396179, -0.001185677945613861, 3.6375317722558975E-4, 1.7841067165136337E-4, 0.02662980556488037, -0.011059761047363281, 0.1635487675666809
608, 484885312, 0.9999998807907104, -4.7338008880615234E-4, 2.3627746850252151E-4, -2.0602717995643616E-5, 0.026440560817718506, -0.01140671968460083, 0.16332191228866577
609, 484901979, 0.9999999403953552, -1.618657261133194E-4, 2.446407452225685E-4, -6.24675303697586E-5, 0.026256203651428223, -0.008358538150787354, 0.16298890113830566
610, 484918646, 0.9999999403953552, -1.0785460472106934E-4, 2.9011163860559464E-4, 2.155173569917679E-5, 0.02597963809967041, -0.0075476765632629395, 0.16251081228256226
611, 484935313, 0.9999999403953552, -3.464333713054657E-5, 2.944963052868843E-4, 2.9420480132102966E-6, 0.02617400884628296, -0.009634912014007568, 0.16270482540130615
612, 484951980, 0.9999999403953552, 1.754695549607277E-4, 3.231232985854149E-4, -1.0577589273452759E-4, 0.02569490671157837, -0.010995626449584961, 0.163474440574646
613, 484968647, 0.9999998211860657, 3.985809162259102E-4, 3.6633480340242386E-4, -1.8671154975891113E-4, 0.025077998638153076, -0.010498523712158203, 0.16321402788162231
614, 484985314, 0.9999998211860657, 3.8140732795000076E-4, 3.507761284708977E-4, -2.2217072546482086E-4, 0.025216996669769287, -0.009809315204620361, 0.16433686017990112
615, 485001981, 0.9999999403953552, 2.4724286049604416E-4, 2.711145207285881E-4, -2.09050253033638E-4, 0.025949954986572266, -0.00543588399887085, 0.16394191980361938
616, 485018648, 0.9999999403953552, -4.296004772186279E-5, 2.9195938259363174E-4, -5.787797272205353E-5, 0.026264548301696777, -0.0042909979820251465, 0.16257429122924805
617, 485035315, 0.9999999403953552, -1.970641314983368E-4, 3.071418032050133E-4, 6.922520697116852E-6, 0.025372028350830078, -0.00817561149597168, 0.16267269849777222
618, 485051982, 0.9999998807907104, -2.466123551130295E-4, 3.4289155155420303E-4, -6.343238055706024E-5, 0.025760769844055176, -0.010784804821014404, 0.1640649437904358
619, 485068649, 0.9999999403953552, -8.346699178218842E-5, 3.0868593603372574E-4, -7.766857743263245E-5, 0.025001704692840576, -0.008562564849853516, 0.16431528329849243
620, 485085316, 0.9999999403953552, -5.1544979214668274E-5, 2.8836075216531754E-4, -7.80150294303894E-5, 0.02479374408721924, -0.008002698421478271, 0.16279363632202148
621, 485101983, 0.9999998807907104, -2.62971967458725E-4, 3.4147780388593674E-4, -1.5823356807231903E-4, 0.02464735507965088, -0.008313536643981934, 0.1638120412826538
622, 485118650, 0.9999998807907104, -3.0739791691303253E-4, 3.377934917807579E-4, -1.637078821659088E-4, 0.024869084358215332, -0.008228003978729248, 0.1650305986404419
623, 485135317, 0.9999999403953552, -1.4571286737918854E-4, 3.547659143805504E-4, -6.943568587303162E-5, 0.025159358978271484, -0.007815718650817871, 0.16424202919006348
624, 485151984, 0.9999999403953552, 2.7322210371494293E-5, 2.9850658029317856E-4, -9.394250810146332E-5, 0.025882184505462646, -0.010029315948486328, 0.16323041915893555
625, 485168651, 0.9999999403953552, 1.8655601888895035E-4, 2.635503187775612E-4, -2.6460178196430206E-4, 0.025310218334197998, -0.010116100311279297, 0.16400259733200073
626, 485185318, 0.9999999403953552, 1.3322103768587112E-4, 2.64742411673069E-4, -2.8188154101371765E-4, 0.02495521306991577, -0.005711972713470459, 0.16320890188217163
627, 485201985, 0.9999999403953552, -6.083585321903229E-5, 2.9370468109846115E-4, -8.229352533817291E-5, 0.024612009525299072, -0.004743754863739014, 0.1627989411354065
628, 485218652, 0.9999999403953552, -4.6255066990852356E-5, 3.3076386898756027E-4, -9.180046617984772E-5, 0.024919331073760986, -0.010564208030700684, 0.16518443822860718
629, 485235319, 0.9999999403953552, 2.203863114118576E-4, 1.985635608434677E-4, -2.976078540086746E-4, 0.025558829307556152, -0.01263493299484253, 0.16522729396820068
630, 485251986, 0.9999998807907104, 3.3347029238939285E-4, 2.3444835096597672E-4, -3.390014171600342E-4, 0.025234103202819824, -0.007733762264251709, 0.16279488801956177
631, 485268653, 0.9999999403953552, 1.2015830725431442E-4, 3.042733296751976E-4, -1.99856236577034E-4, 0.024535417556762695, -0.006140172481536865, 0.16060346364974976
632, 485285320, 0.9999999403953552, 5.8195553719997406E-5, 3.4169014543294907E-4, -2.2534094750881195E-4, 0.025143146514892578, -0.0108642578125, 0.16134518384933472
633, 485301987, 0.9999998807907104, 1.1577922850847244E-4, 4.1502993553876877E-4, -3.2176636159420013E-4, 0.024808108806610107, -0.011175811290740967, 0.16385948657989502
634, 485318654, 0.9999998807907104, 1.5900004655122757E-4, 4.1022244840860367E-4, -2.4413876235485077E-4, 0.024091601371765137, -0.006269276142120361, 0.16485929489135742
635, 485335321, 0.9999998807907104, 2.3890938609838486E-4, 4.383167251944542E-4, -1.0862201452255249E-4, 0.024924397468566895, -0.007845759391784668, 0.16208118200302124
636, 485351988, 0.9999998807907104, 8.506793528795242E-5, 4.5459624379873276E-4, -1.996271312236786E-4, 0.024554789066314697, -0.00898212194442749, 0.1615312695503235
637, 485368655, 0.9999998211860657, -5.9021636843681335E-5, 5.076052621006966E-4, -2.7780234813690186E-4, 0.0251731276512146, -0.007734239101409912, 0.16008520126342773
638, 485385322, 0.9999997615814209, -2.2839009761810303E-4, 6.447816267609596E-4, -1.6934983432292938E-4, 0.023946940898895264, -0.005705356597900391, 0.1618754267692566
639, 485401989, 0.9999997615814209, -1.808907836675644E-4, 6.371950730681419E-4, -1.4221295714378357E-4, 0.023591458797454834, -0.006900429725646973, 0.16232037544250488
640, 485418656, 0.9999997615814209, -7.496215403079987E-5, 6.658686324954033E-4, -2.2101588547229767E-4, 0.022712647914886475, -0.008207440376281738, 0.16324889659881592
641, 485435323, 0.9999997019767761, 8.551310747861862E-5, 6.931768730282784E-4, -2.368837594985962E-4, 0.022839665412902832, -0.008083522319793701, 0.16283369064331055
642, 485451990, 0.9999997019767761, 2.578059211373329E-4, 7.105367258191109E-4, -2.1751224994659424E-4, 0.0232275128364563, -0.007898390293121338, 0.16298675537109375
643, 485468657, 0.9999996423721313, 3.466429188847542E-4, 7.818369194865227E-4, -1.3099238276481628E-4, 0.022810816764831543, -0.00782477855682373, 0.16352254152297974
644, 485485324, 0.9999995231628418, 4.7505926340818405E-4, 8.355705067515373E-4, -1.295972615480423E-4, 0.022042393684387207, -0.008950650691986084, 0.16399770975112915
645, 485501991, 0.9999995827674866, 3.165481612086296E-4, 8.197380229830742E-4, -1.4162808656692505E-4, 0.0223386287689209, -0.008457064628601074, 0.16333961486816406
646, 485518658, 0.9999997019767761, 6.817374378442764E-5, 7.74073414504528E-4, -9.724125266075134E-5, 0.02284681797027588, -0.007770419120788574, 0.16391581296920776
647, 485535325, 0.9999996423721313, -2.2831931710243225E-4, 8.177729323506355E-4, -8.125975728034973E-5, 0.022339046001434326, -0.007668435573577881, 0.16500937938690186
648, 485551992, 0.9999995827674866, -3.480147570371628E-4, 8.021434769034386E-4, -1.2496858835220337E-4, 0.02240431308746338, -0.008203983306884766, 0.16488605737686157
649, 485568659, 0.9999996423721313, -2.8913840651512146E-4, 7.585519924759865E-4, -1.9983574748039246E-4, 0.022232532501220703, -0.008874714374542236, 0.16472786664962769
650, 485585326, 0.9999997615814209, -8.936040103435516E-5, 6.188815459609032E-4, -2.4664588272571564E-4, 0.022202491760253906, -0.008782446384429932, 0.1659805178642273
651, 485601993, 0.9999997615814209, 5.858950316905975E-6, 5.742879584431648E-4, -3.069452941417694E-4, 0.02171492576599121, -0.007523298263549805, 0.1668872833251953
652, 485618660, 0.9999998211860657, 9.422283619642258E-5, 5.426844581961632E-4, -3.2440200448036194E-4, 0.020523786544799805, -0.00655287504196167, 0.16529834270477295
653, 485635327, 0.9999998211860657, 1.1695269495248795E-4, 5.339598283171654E-4, -3.2721273601055145E-4, 0.02005767822265625, -0.007406115531921387, 0.16509222984313965
654, 485651994, 0.9999998211860657, 2.3732241243124008E-4, 4.8435013741254807E-4, -3.5454146564006805E-4, 0.020342528820037842, -0.007781267166137695, 0.1646822690963745
655, 485668661, 0.9999998211860657, 2.4084839969873428E-4, 4.3993908911943436E-4, -3.940202295780182E-4, 0.020566940307617188, -0.006919741630554199, 0.16500258445739746
656, 485685328, 0.9999998807907104, 1.4162901788949966E-4, 3.299536183476448E-4, -3.2968446612358093E-4, 0.021129727363586426, -0.00562131404876709, 0.16398048400878906
657, 485701995, 0.9999998807907104, -1.5180930495262146E-4, 4.38944436609745E-4, -2.6128441095352173E-4, 0.020507395267486572, -0.006663978099822998, 0.16362673044204712
658, 485718662, 0.9999998211860657, -2.4638324975967407E-4, 5.109617486596107E-4, -2.2129341959953308E-4, 0.018687427043914795, -0.008326232433319092, 0.16393780708312988
659, 485735329, 0.9999997615814209, -1.467037945985794E-4, 5.35319559276104E-4, -3.507528454065323E-4, 0.01950991153717041, -0.011107206344604492, 0.16480040550231934
660, 485751996, 0.9999997615814209, 8.803512901067734E-5, 4.69001941382885E-4, -4.545748233795166E-4, 0.019777894020080566, -0.006526470184326172, 0.16451722383499146
661, 485768663, 0.9999998211860657, -1.7302855849266052E-4, 4.995567724108696E-4, -2.602972090244293E-4, 0.019482731819152832, -0.001994013786315918, 0.16369879245758057
662, 485785330, 0.9999997615814209, -4.2760372161865234E-4, 5.265986546874046E-4, -6.244517862796783E-5, 0.018288135528564453, -0.003833472728729248, 0.16405409574508667
663, 485801997, 0.9999998211860657, -3.02804633975029E-4, 5.534728989005089E-4, -1.4183670282363892E-4, 0.019147157669067383, -0.00890880823135376, 0.16396307945251465
664, 485818664, 0.9999998211860657, -6.4801424741745E-5, 5.497327074408531E-4, -2.893824130296707E-4, 0.018509328365325928, -0.008644640445709229, 0.16520190238952637
665, 485835331, 0.9999998211860657, 1.604044809937477E-4, 5.214167758822441E-4, -2.8750859200954437E-4, 0.019153237342834473, -0.005738735198974609, 0.16530638933181763
666, 485851998, 0.9999998807907104, 9.709037840366364E-6, 4.7200266271829605E-4, -2.0792149007320404E-4, 0.019332945346832275, -0.005093574523925781, 0.16670012474060059
667, 485868665, 0.9999998807907104, -1.6670860350131989E-4, 4.2134057730436325E-4, -7.840245962142944E-5, 0.01850229501724243, -0.005940079689025879, 0.1655656099319458
668, 485885332, 0.9999998807907104, -2.7689337730407715E-4, 4.0671322494745255E-4, -1.4879554510116577E-4, 0.01761084794998169, -0.009676516056060791, 0.16521817445755005
669, 485901999, 0.9999998807907104, -8.199736475944519E-5, 4.266249015927315E-4, -2.587568014860153E-4, 0.01721101999282837, -0.010275423526763916, 0.16468125581741333
670, 485918666, 0.9999998807907104, -5.791522562503815E-5, 3.819698467850685E-4, -3.084726631641388E-4, 0.01861107349395752, -0.006927967071533203, 0.16492712497711182
671, 485935333, 0.9999999403953552, -1.825578510761261E-4, 3.581373021006584E-4, -9.67811793088913E-5, 0.018577277660369873, -0.0036860108375549316, 0.16647738218307495
672, 485952000, 0.9999999403953552, -2.2277235984802246E-4, 2.881838008761406E-4, -1.582317054271698E-5, 0.017399072647094727, -0.00896000862121582, 0.16760152578353882
673, 485968667, 0.9999999403953552, 8.218269795179367E-5, 2.0804721862077713E-4, -1.9777007400989532E-4, 0.017171144485473633, -0.010877609252929688, 0.16618406772613525
674, 485985334, 0.9999998807907104, 1.685144379734993E-4, 2.577630802989006E-4, -3.465414047241211E-4, 0.017338871955871582, -0.007990241050720215, 0.16453903913497925
675, 486002001, 0.9999999403953552, 9.653810411691666E-5, 2.742605283856392E-4, -2.4186260998249054E-4, 0.018086612224578857, -0.0056411027908325195, 0.16349643468856812
676, 486018668, 0.9999998807907104, -3.4590624272823334E-4, 2.907337620854378E-4, -8.788332343101501E-5, 0.01799917221069336, -0.0058571696281433105, 0.16360974311828613
677, 486035335, 0.9999998807907104, -3.73058021068573E-4, 2.400437369942665E-4, -1.445971429347992E-5, 0.017355680465698242, -0.008448898792266846, 0.1650254726409912
678, 486052002, 0.9999999403953552, -1.9127316772937775E-4, 1.906631514430046E-4, -7.390789687633514E-5, 0.01741039752960205, -0.009587287902832031, 0.16523712873458862
679, 486068669, 1.0, -8.375383913516998E-5, 2.100551500916481E-4, -4.75812703371048E-5, 0.017180144786834717, -0.007676959037780762, 0.16599559783935547
680, 486085336, 0.9999999403953552, -1.1106207966804504E-4, 2.7422141283750534E-4, 6.770715117454529E-7, 0.017196834087371826, -0.006954789161682129, 0.16500043869018555
681, 486102003, 0.9999999403953552, -2.132132649421692E-4, 2.813143655657768E-4, -6.38328492641449E-6, 0.01688086986541748, -0.008401036262512207, 0.16468405723571777
682, 486118670, 1.0, -3.7418678402900696E-5, 2.008313313126564E-4, -2.7982518076896667E-5, 0.017589688301086426, -0.009551167488098145, 0.16610383987426758
683, 486135337, 1.0, 5.420763045549393E-5, 1.9501801580190659E-4, -5.861930549144745E-5, 0.017185986042022705, -0.008113563060760498, 0.16609430313110352
684, 486152004, 1.0, -9.454414248466492E-5, 1.9502919167280197E-4, -3.238953649997711E-5, 0.01634085178375244, -0.007812023162841797, 0.16505920886993408
685, 486168671, 0.9999999403953552, -2.805665135383606E-4, 2.2359658032655716E-4, -7.596984505653381E-5, 0.017844021320343018, -0.008401632308959961, 0.16376328468322754
686, 486185338, 0.9999999403953552, -2.0610354840755463E-4, 1.427559182047844E-4, -3.34717333316803E-5, 0.0171736478805542, -0.006608009338378906, 0.1645665168762207
687, 486202005, 1.0, -1.1157803237438202E-4, 1.0553654283285141E-4, -3.168173134326935E-5, 0.01660829782485962, -0.00849086046218872, 0.16513025760650635
688, 486218672, 1.0, 2.4801120162010193E-6, 1.1216197162866592E-4, -7.274746894836426E-5, 0.0172538161277771, -0.010129332542419434, 0.16554182767868042
689, 486235339, 1.0, 7.978547364473343E-5, 1.0151509195566177E-4, -1.3979151844978333E-4, 0.017866790294647217, -0.009677886962890625, 0.16537714004516602
690, 486252006, 1.0, 1.4548283070325851E-4, 9.429175406694412E-5, -9.688735008239746E-5, 0.017387032508850098, -0.007672250270843506, 0.16443979740142822
691, 486268673, 1.0, 5.713198333978653E-5, 1.0598357766866684E-4, -8.414126932621002E-5, 0.016642749309539795, -0.008625924587249756, 0.1629791259765625
692, 486285340, 1.0, -7.658638060092926E-5, 1.3747159391641617E-4, -1.0716356337070465E-4, 0.0163724422454834, -0.008303523063659668, 0.1635393500328064
693, 486302007, 1.0, -9.233132004737854E-6, 1.6377586871385574E-4, -9.709596633911133E-5, 0.016820967197418213, -0.009166240692138672, 0.16332441568374634
694, 486318674, 0.9999999403953552, 1.2031663209199905E-4, 2.249525859951973E-4, -1.5549920499324799E-4, 0.016716182231903076, -0.0096282958984375, 0.16290676593780518
695, 486335341, 0.9999998807907104, 2.0851101726293564E-4, 2.6128534227609634E-4, -2.905558794736862E-4, 0.016167104244232178, -0.010559678077697754, 0.16480082273483276
696, 486352008, 0.9999998807907104, 2.0471308380365372E-4, 2.4083536118268967E-4, -3.1492114067077637E-4, 0.016113877296447754, -0.005770504474639893, 0.16551166772842407
697, 486368675, 0.9999999403953552, 7.687043398618698E-5, 2.8227735310792923E-4, -1.2687593698501587E-4, 0.01678377389907837, -0.004187047481536865, 0.16333019733428955
698, 486385342, 0.9999999403953552, 7.22864642739296E-5, 3.284001722931862E-4, -8.502975106239319E-5, 0.017072319984436035, -0.008368074893951416, 0.1637170910835266
699, 486402009, 0.9999998807907104, 3.4017395228147507E-4, 3.100661560893059E-4, -2.1540001034736633E-4, 0.01695495843887329, -0.00959932804107666, 0.16491931676864624
700, 486418676, 0.9999998211860657, 5.355710163712502E-4, 2.1123792976140976E-4, -2.6258639991283417E-4, 0.01729404926300049, -0.008198440074920654, 0.1660478115081787
701, 486435343, 0.9999998807907104, 3.9406586438417435E-4, 2.3178663104772568E-4, -2.2277049720287323E-4, 0.016836822032928467, -0.0059490203857421875, 0.16594040393829346
702, 486452010, 1.0, 2.08904966711998E-5, 1.8554087728261948E-4, -1.6352348029613495E-4, 0.01699960231781006, -0.00687563419342041, 0.16585123538970947
703, 486468677, 0.9999999403953552, -1.9256770610809326E-4, 2.121003344655037E-4, -1.530759036540985E-4, 0.01750284433364868, -0.007533848285675049, 0.16472101211547852
704, 486485344, 0.9999999403953552, -2.542361617088318E-4, 2.3677479475736618E-4, -1.6923248767852783E-4, 0.01622718572616577, -0.007064521312713623, 0.16500908136367798
705, 486502011, 0.9999998807907104, -3.4851767122745514E-4, 2.336530014872551E-4, -1.0574422776699066E-4, 0.015476882457733154, -0.007223248481750488, 0.16529512405395508
706, 486518678, 1.0, -1.1360645294189453E-4, 1.5223119407892227E-4, -1.1374056339263916E-4, 0.01602858304977417, -0.00888216495513916, 0.16512691974639893
707, 486535345, 0.9999999403953552, 1.425156369805336E-4, 1.2904498726129532E-4, -1.860242336988449E-4, 0.016284286975860596, -0.00870746374130249, 0.1649402379989624
708, 486552012, 0.9999999403953552, 2.055661752820015E-4, 1.3811234384775162E-4, -2.472326159477234E-4, 0.016452670097351074, -0.007492244243621826, 0.16492724418640137
709, 486568679, 0.9999999403953552, 1.678289845585823E-4, 1.575285568833351E-4, -1.928284764289856E-4, 0.016480088233947754, -0.006417512893676758, 0.16466403007507324
710, 486585346, 0.9999999403953552, 1.8463563174009323E-4, 1.8574390560388565E-4, -1.27328559756279E-4, 0.01609039306640625, -0.00860905647277832, 0.1642332673072815
711, 486602013, 0.9999999403953552, 2.1026749163866043E-4, 1.6998592764139175E-4, -1.801997423171997E-4, 0.016256213188171387, -0.009555399417877197, 0.1648438572883606
712, 486618680, 0.9999999403953552, 1.2329686433076859E-4, 1.5239324420690536E-4, -2.1406635642051697E-4, 0.01606518030166626, -0.007046163082122803, 0.1648249626159668
713, 486635347, 0.9999999403953552, -1.8364936113357544E-4, 2.0389165729284286E-4, -5.927868187427521E-5, 0.016511976718902588, -0.0037290453910827637, 0.16397935152053833
714, 486652014, 0.9999998807907104, -3.2694078981876373E-4, 2.579493448138237E-4, 1.0971259325742722E-4, 0.01594686508178711, -0.005917251110076904, 0.16375857591629028
715, 486668681, 0.9999999403953552, -1.6682036221027374E-4, 2.578338608145714E-4, 1.1886470019817352E-5, 0.01558220386505127, -0.01001828908920288, 0.16471147537231445
716, 486685348, 0.9999999403953552, 2.282867208123207E-4, 2.3301783949136734E-4, -1.6227923333644867E-4, 0.01625370979309082, -0.008517622947692871, 0.16497093439102173
717, 486702015, 0.9999999403953552, 3.099581226706505E-4, 2.148328348994255E-4, -1.444648951292038E-4, 0.017068445682525635, -0.005683720111846924, 0.1642417311668396
718, 486718682, 0.9999999403953552, 1.900484785437584E-4, 1.9666645675897598E-4, -1.2276694178581238E-5, 0.016516804695129395, -0.004868805408477783, 0.16404861211776733
719, 486735349, 0.9999999403953552, 1.8760282546281815E-4, 2.689128741621971E-4, 1.4309771358966827E-5, 0.016252338886260986, -0.00822824239730835, 0.16398948431015015
720, 486752016, 0.9999999403953552, 1.3973843306303024E-4, 2.8112810105085373E-4, -1.0574609041213989E-4, 0.015217959880828857, -0.007255434989929199, 0.16445177793502808
721, 486768683, 0.9999999403953552, 3.603380173444748E-5, 3.3283699303865433E-4, -8.9278444647789E-5, 0.01615118980407715, -0.006485641002655029, 0.16387265920639038
722, 486785350, 0.9999999403953552, -1.1209025979042053E-4, 3.280108794569969E-4, -6.931088864803314E-5, 0.016731858253479004, -0.006907165050506592, 0.16485810279846191
723, 486802017, 0.9999999403953552, -8.537434041500092E-5, 3.342544659972191E-4, -3.7083402276039124E-5, 0.01558828353881836, -0.006708920001983643, 0.16543471813201904
724, 486818684, 0.9999999403953552, -2.5441870093345642E-5, 3.9212312549352646E-4, -6.455369293689728E-5, 0.014841854572296143, -0.008180975914001465, 0.1650189757347107
725, 486835351, 0.9999999403953552, 9.290594607591629E-5, 3.658691421151161E-4, -1.1725164949893951E-4, 0.0157354474067688, -0.00857698917388916, 0.16494816541671753
726, 486852018, 0.9999999403953552, 2.327682450413704E-4, 3.3143069595098495E-4, -1.1804886162281036E-4, 0.016092240810394287, -0.005661129951477051, 0.16495800018310547
727, 486868685, 0.9999999403953552, 2.1470244973897934E-4, 2.844659611582756E-4, -1.3349577784538269E-5, 0.01556241512298584, -0.003928244113922119, 0.16359543800354004
728, 486885352, 0.9999999403953552, -6.621889770030975E-5, 3.5626161843538284E-4, 6.232131272554398E-5, 0.015023648738861084, -0.005441784858703613, 0.16366654634475708
729, 486902019, 0.9999998807907104, -2.7624890208244324E-4, 4.010060802102089E-4, 1.484239473938942E-4, 0.015030860900878906, -0.005845785140991211, 0.16519951820373535
730, 486918686, 0.9999999403953552, -1.025274395942688E-4, 3.597540780901909E-4, 1.6349274665117264E-4, 0.015171706676483154, -0.008720755577087402, 0.1655658483505249
731, 486935353, 0.9999999403953552, 1.5105213969945908E-4, 3.1157489866018295E-4, 1.1375639587640762E-4, 0.014773964881896973, -0.008908867835998535, 0.1652197241783142
732, 486952020, 0.9999999403953552, 2.223541960120201E-4, 2.966606989502907E-4, 7.858779281377792E-5, 0.014483213424682617, -0.008591115474700928, 0.16461443901062012
733, 486968687, 0.9999999403953552, 8.629169315099716E-5, 3.942744806408882E-4, 1.088147982954979E-4, 0.01421821117401123, -0.005112767219543457, 0.16431933641433716
734, 486985354, 0.9999998807907104, -1.5824101865291595E-4, 4.4383760541677475E-4, 2.4233106523752213E-4, 0.01463615894317627, -0.005262553691864014, 0.1645134687423706
735, 487002021, 0.9999998807907104, -1.1667795479297638E-4, 4.1623692959547043E-4, 2.3872312158346176E-4, 0.014517128467559814, -0.007739126682281494, 0.16586267948150635
736, 487018688, 0.9999999403953552, -1.8149614334106445E-5, 2.954816445708275E-4, 1.5685241669416428E-4, 0.014935076236724854, -0.007502138614654541, 0.16647976636886597
737, 487035355, 0.9999999403953552, 3.427732735872269E-5, 2.9270444065332413E-4, 1.735268160700798E-4, 0.014381468296051025, -0.00489431619644165, 0.16449594497680664
738, 487052022, 0.9999999403953552, -4.999898374080658E-5, 3.261761739850044E-4, 2.1569523960351944E-4, 0.013319134712219238, -0.006930887699127197, 0.1635001301765442
739, 487068689, 0.9999999403953552, -6.574764847755432E-5, 3.351112827658653E-4, 1.941164955496788E-4, 0.013834178447723389, -0.008829951286315918, 0.16522067785263062
740, 487085356, 0.9999999403953552, 9.246263653039932E-5, 3.0944403260946274E-4, 1.5085283666849136E-4, 0.01466524600982666, -0.008338391780853271, 0.16671639680862427
741, 487102023, 0.9999999403953552, 2.9080547392368317E-5, 2.973070368170738E-4, 1.523168757557869E-4, 0.013502001762390137, -0.006676316261291504, 0.1661730408668518
742, 487118690, 0.9999999403953552, -6.650947034358978E-5, 2.586366608738899E-4, 1.8975790590047836E-4, 0.013347744941711426, -0.006799638271331787, 0.16526025533676147
743, 487135357, 0.9999999403953552, -1.5193596482276917E-4, 3.133295103907585E-4, 1.9880663603544235E-4, 0.013159573078155518, -0.007088005542755127, 0.16397923231124878
744, 487152024, 0.9999998807907104, -1.796633005142212E-4, 3.3184606581926346E-4, 1.961616799235344E-4, 0.012744247913360596, -0.0075002312660217285, 0.1637660264968872
745, 487168691, 0.9999999403953552, 1.4579854905605316E-5, 3.2638851553201675E-4, 1.3461802154779434E-4, 0.01303720474243164, -0.009952008724212646, 0.16447043418884277
746, 487185358, 0.9999999403953552, 1.9089598208665848E-4, 3.0967872589826584E-4, 6.243493407964706E-5, 0.012729465961456299, -0.008674860000610352, 0.1656091809272766
747, 487202025, 0.9999999403953552, 2.481313422322273E-4, 2.865055575966835E-4, 1.009935513138771E-4, 0.012156963348388672, -0.004414677619934082, 0.16592103242874146
748, 487218692, 0.9999998807907104, -1.046638935804367E-4, 3.370949998497963E-4, 2.4443212896585464E-4, 0.012780904769897461, -0.004440188407897949, 0.16405600309371948
749, 487235359, 0.9999998211860657, -3.207474946975708E-4, 3.984840586781502E-4, 2.7104374021291733E-4, 0.01252281665802002, -0.008343756198883057, 0.16490834951400757
750, 487252026, 0.9999999403953552, -1.7784535884857178E-5, 3.714440390467644E-4, 1.6945134848356247E-4, 0.01269841194152832, -0.01008749008178711, 0.16541576385498047
751, 487268693, 0.9999999403953552, 1.9218306988477707E-4, 3.5344529896974564E-4, 1.0336469858884811E-4, 0.012867391109466553, -0.008349418640136719, 0.1655128002166748
752, 487285360, 0.9999999403953552, 1.1079851537942886E-4, 3.051748499274254E-4, 1.42035074532032E-4, 0.012108087539672852, -0.005491971969604492, 0.1650075912475586
753, 487302027, 0.9999998807907104, -2.3562833666801453E-4, 3.574518486857414E-4, 1.6422290354967117E-4, 0.012113511562347412, -0.006654024124145508, 0.16531676054000854
754, 487318694, 0.9999999403953552, -2.2756122052669525E-4, 3.039957955479622E-4, 9.611155837774277E-5, 0.012821614742279053, -0.008722364902496338, 0.16582006216049194
755, 487335361, 0.9999999403953552, -1.1698715388774872E-4, 2.816328778862953E-4, 8.881743997335434E-5, 0.012381374835968018, -0.006371200084686279, 0.16616111993789673
756, 487352028, 0.9999999403953552, -6.252899765968323E-5, 2.4003442376852036E-4, 1.5718024224042892E-4, 0.011338114738464355, -0.007188856601715088, 0.16478317975997925
757, 487368695, 1.0, -6.087683141231537E-5, 1.9620079547166824E-4, 1.180870458483696E-4, 0.012019038200378418, -0.009634852409362793, 0.16623544692993164
758, 487385362, 0.9999999403953552, 1.5065539628267288E-4, 2.2172089666128159E-4, 1.2294389307498932E-5, 0.012185513973236084, -0.009937167167663574, 0.16550904512405396
759, 487402029, 0.9999999403953552, 1.9140075892210007E-4, 2.132924273610115E-4, -3.859400749206543E-6, 0.011631131172180176, -0.007275521755218506, 0.1655106544494629
760, 487418696, 0.9999999403953552, 7.519591599702835E-5, 2.1224748343229294E-4, 1.0812748223543167E-4, 0.01139676570892334, -0.004296720027923584, 0.1659439206123352
761, 487435363, 0.9999999403953552, -1.7708353698253632E-4, 1.8868502229452133E-4, 1.9514095038175583E-4, 0.011210203170776367, -0.00503009557723999, 0.16541773080825806
762, 487452030, 0.9999999403953552, -1.879613846540451E-4, 2.2243428975343704E-4, 2.1270569413900375E-4, 0.01135563850402832, -0.008397400379180908, 0.16452646255493164
763, 487468697, 0.9999999403953552, 2.2226013243198395E-5, 2.7611013501882553E-4, 7.809419184923172E-5, 0.010979533195495605, -0.010051548480987549, 0.1651819348335266
764, 487485364, 0.9999999403953552, 3.5305973142385483E-4, 2.0522158592939377E-4, -3.209337592124939E-6, 0.011204898357391357, -0.009067177772521973, 0.16523480415344238
765, 487502031, 0.9999998807907104, 4.727402701973915E-4, 1.8228311091661453E-4, 3.55718657374382E-5, 0.01185917854309082, -0.007120728492736816, 0.16509616374969482
766, 487518698, 0.9999999403953552, 1.8599722534418106E-4, 2.386597916483879E-4, 1.0488834232091904E-4, 0.01168745756149292, -0.004954218864440918, 0.1640721559524536
767, 487535365, 0.9999998807907104, -2.1206960082054138E-4, 3.4505780786275864E-4, 1.317402347922325E-4, 0.010693728923797607, -0.006096482276916504, 0.16372746229171753
768, 487552032, 0.9999998211860657, -3.752782940864563E-4, 4.081679508090019E-4, 1.5298184007406235E-4, 0.011053085327148438, -0.004303276538848877, 0.16401076316833496
769, 487568699, 0.9999998807907104, -1.1278688907623291E-4, 3.770468756556511E-4, 2.3930612951517105E-4, 0.011466503143310547, -0.0062062740325927734, 0.16470283269882202
770, 487585366, 0.9999999403953552, 1.9286852329969406E-4, 3.081364557147026E-4, 1.8280278891324997E-4, 0.011455118656158447, -0.00853574275970459, 0.16554629802703857
771, 487602033, 0.9999998807907104, 3.142738714814186E-4, 3.0369218438863754E-4, 1.0669883340597153E-4, 0.012136220932006836, -0.007680356502532959, 0.1642383337020874
772, 487618700, 0.9999999403953552, 9.296368807554245E-5, 3.7806201726198196E-4, 9.612832218408585E-5, 0.010733485221862793, -0.005809009075164795, 0.16427552700042725
773, 487635367, 0.9999998807907104, -1.904703676700592E-4, 4.807291552424431E-4, 1.7571169883012772E-4, 0.010545969009399414, -0.00292891263961792, 0.1644420027732849
774, 487652034, 0.9999997615814209, -4.7898292541503906E-4, 4.843035712838173E-4, 2.505490556359291E-4, 0.010962247848510742, -0.006434321403503418, 0.16563302278518677
775, 487668701, 0.9999998211860657, -4.152078181505203E-4, 4.566190764307976E-4, 1.8305424600839615E-4, 0.010227024555206299, -0.00857001543045044, 0.16687709093093872
776, 487685368, 0.9999998807907104, -2.1310895681381226E-4, 4.25645150244236E-4, 1.550251618027687E-4, 0.010220110416412354, -0.006339967250823975, 0.16772723197937012
777, 487702035, 0.9999998807907104, -6.549060344696045E-6, 3.785109147429466E-4, 1.9554328173398972E-4, 0.010526478290557861, -0.006625175476074219, 0.16554641723632812
778, 487718702, 0.9999999403953552, 1.181112602353096E-4, 3.088032826781273E-4, 1.0461825877428055E-4, 0.010455965995788574, -0.010782480239868164, 0.16454368829727173
779, 487735369, 0.9999999403953552, 2.4552177637815475E-4, 2.6242900639772415E-4, -3.742985427379608E-5, 0.01041477918624878, -0.010761260986328125, 0.16551357507705688
780, 487752036, 0.9999999403953552, 1.2768898159265518E-4, 2.9866304248571396E-4, 1.4136545360088348E-5, 0.009773969650268555, -0.005311131477355957, 0.16753947734832764
781, 487768703, 0.9999999403953552, -3.067776560783386E-5, 2.5246012955904007E-4, 2.6121456176042557E-4, 0.009102404117584229, -0.0036528706550598145, 0.16603338718414307
782, 487785370, 0.9999999403953552, -1.3205967843532562E-4, 2.4826545268297195E-4, 1.8273573368787766E-4, 0.009055376052856445, -0.011048078536987305, 0.16599023342132568
783, 487802037, 0.9999999403953552, 2.3734662681818008E-4, 1.7861183732748032E-4, -9.145587682723999E-5, 0.009208917617797852, -0.012465178966522217, 0.16517043113708496
784, 487818704, 0.9999998807907104, 4.117032513022423E-4, 2.1354574710130692E-4, -2.4590082466602325E-4, 0.008836150169372559, -0.008693575859069824, 0.16409939527511597
785, 487835371, 0.9999998807907104, 3.0488986521959305E-4, 3.138231113553047E-4, -1.2825243175029755E-4, 0.009211540222167969, -0.005716681480407715, 0.1629171371459961
786, 487852038, 0.9999999403953552, -1.0505318641662598E-5, 4.14201058447361E-4, -5.7678669691085815E-5, 0.009082496166229248, -0.007247030735015869, 0.16407328844070435
787, 487868705, 0.9999998807907104, -1.3422593474388123E-4, 4.6214181929826736E-4, -5.303323268890381E-5, 0.00810176134109497, -0.007150113582611084, 0.16444337368011475
788, 487885372, 0.9999998807907104, 2.1333806216716766E-5, 5.057109519839287E-4, -4.918500781059265E-5, 0.008493900299072266, -0.00738680362701416, 0.16313618421554565
789, 487902039, 0.9999998807907104, -3.634020686149597E-5, 4.793340340256691E-4, -3.7066638469696045E-7, 0.009292960166931152, -0.006140172481536865, 0.16459548473358154
790, 487918706, 0.9999998807907104, 8.70879739522934E-6, 4.593757912516594E-4, 1.5549641102552414E-4, 0.009006500244140625, -0.0017008185386657715, 0.16231244802474976
791, 487935373, 0.9999997019767761, -3.2913312315940857E-4, 6.706574931740761E-4, 1.8231477588415146E-4, 0.007894158363342285, -0.005595266819000244, 0.16352319717407227
792, 487952040, 0.9999995231628418, -5.618203431367874E-4, 7.68822617828846E-4, 1.6038771718740463E-4, 0.00757908821105957, -0.004788339138031006, 0.1665835976600647
793, 487968707, 0.9999995231628418, -5.557499825954437E-4, 7.182089611887932E-4, 2.8392765671014786E-4, 0.008305907249450684, -0.0029636025428771973, 0.166548490524292
794, 487985374, 0.9999997615814209, -2.3703835904598236E-4, 5.820775404572487E-4, 3.56053002178669E-4, 0.009564399719238281, -0.009805917739868164, 0.16635358333587646
